-0.009619 0.033692
-0.000227 0.063739
-0.002863 0.227653
-0.001573 0.987455
-0.003120 0.358969
-0.006572 0.326393
0.203797 -0.006657
0.849894 -0.002959
0.479110 -0.006096
0.150097 -0.008693
0.383020 -0.008806
0.709445 -0.007380
0.500940 0.331997
0.173883 0.625636
0.575135 0.750985
0.153519 0.356787
0.143951 0.850608
0.337870 0.275196
0.006011 0.801912
0.497408 0.537843
0.870913 0.722844
0.668086 0.178828
0.550495 0.959875
0.596022 0.808571
0.984532 0.885924
0.213837 0.034630
0.451124 0.013795
0.473711 0.951197
0.248952 0.386423
0.431433 0.830886
0.824647 0.452999
0.380560 0.925869
0.740844 0.737633
0.946916 0.510100
0.791879 0.452174
0.849199 0.390431
0.738377 0.976439
0.523299 0.429915
0.207158 0.323401
0.110870 0.375210
0.329904 0.342105
0.817119 0.531685
0.521122 0.774310
0.120263 0.625450
0.346649 0.334619
0.574617 0.863938
0.198563 0.672451
0.901831 0.199157
0.298284 0.496520
0.889904 0.501415
0.276995 0.533958
0.574250 0.412804
0.014764 0.702765
0.506747 0.381266
0.064932 0.358580
0.234251 0.203504
0.813780 0.393435
0.053575 0.375052
0.774994 0.165298
0.912219 0.319206
0.329780 0.204236
0.767215 0.069973
0.950034 0.158210
0.286446 0.687129
0.141150 0.512087
0.721327 0.928845
0.732104 0.749848
0.407320 0.239492
0.520850 0.219077
0.842388 0.662933
0.816235 0.793878
0.469105 0.309525
0.687579 0.986852
0.769934 0.829581
0.706085 0.595336
0.752874 0.496722
0.865133 0.068028
0.968546 0.098756
0.546977 0.402970
0.107040 0.724166
0.613682 0.782968
0.566621 0.811319
0.576776 0.944029
0.871452 0.507602
0.788823 0.473031
0.828802 0.322482
0.976147 0.278211
0.072831 0.751224
0.831189 0.922338
0.327024 0.804069
0.538250 0.463295
0.820750 0.951907
0.076273 0.708671
0.234926 0.398896
0.268124 0.832513
0.703953 0.932303
0.687653 0.568354
0.380848 0.634579
0.363229 0.407619
0.368700 0.468399
0.503414 0.910536
0.206431 0.338604
0.574126 0.486932
0.262219 0.579593
0.878328 0.060950
0.440876 0.084258
0.563238 0.539311
0.768058 0.233090
0.587362 0.458974
0.860982 0.660836
0.353879 0.347186
0.253718 0.952528
0.298201 0.158406
0.361297 0.741629
0.705900 0.700892
0.006226 0.374346
0.901496 0.318345
0.597083 0.297795
0.125014 0.388356
0.817688 0.981176
0.861990 0.083821
0.337712 0.236129
0.317805 0.984448
0.548251 0.749251
0.841852 0.166890
0.903098 0.105124
0.717470 0.133432
0.445789 0.508787
0.530490 0.859717
0.677725 0.805838
0.531243 0.955896
0.066677 0.541518
0.281660 0.480900
0.684864 0.208258
0.608161 0.326176
0.880847 0.133395
0.102408 0.959117
0.152902 0.152538
0.155553 0.089569
0.454425 0.668896
0.831302 0.790235
0.712711 0.472598
0.708588 0.958059
0.505776 0.305053
0.789811 0.236387
0.234303 0.464699
0.619387 0.615329
0.122624 0.123794
0.284459 0.735733
0.411308 0.828982
0.935114 0.399067
0.052211 0.571186
0.747670 0.320244
0.492934 0.221653
0.939274 0.482305
0.539996 0.221057
0.095945 0.060165
0.819509 0.771478
0.195696 0.895118
0.684300 0.656846
0.990381 0.033692
0.424253 0.489984
0.583504 0.083270
0.660155 0.052305
0.556831 0.712025
0.487911 0.617601
0.213778 0.645659
0.380642 0.103713
0.377512 0.262861
0.241286 0.622924
0.522928 0.413238
0.217792 0.858554
0.861008 0.283939
0.954847 0.919603
0.384816 0.162643
0.796751 0.113817
0.847759 0.582781
0.586178 0.925838
0.575078 0.009977
0.809377 0.608808
0.479914 0.268440
0.258096 0.481010
0.227341 0.048602
0.169242 0.258446
0.197910 0.605693
0.823704 0.810615
0.802237 0.708113
0.859378 0.781085
0.203797 0.993343
0.093625 0.650619
0.215177 0.243873
0.339688 0.197862
0.506833 0.950758
0.394607 0.584465
0.606537 0.714643
0.401536 0.858691
0.920485 0.750839
0.285592 0.796816
0.610688 0.703797
0.383340 0.728683
0.138216 0.863065
0.421746 0.411314
0.959141 0.750245
0.980997 0.233516
0.096227 0.384582
0.500273 0.570256
0.976632 0.492855
0.260998 0.665325
0.964257 0.671151
0.299175 0.531127
0.001463 0.883789
0.404384 0.301206
0.950582 0.460648
0.287648 0.084627
0.582181 0.153069
0.073094 0.580565
0.287015 0.361920
0.724825 0.858312
0.347916 0.961746
0.953569 0.206037
0.768245 0.615532
0.918922 0.602537
0.702138 0.743675
0.385102 0.251504
0.036760 0.472123
0.645072 0.278970
0.517861 0.245667
0.297508 0.650474
0.891393 0.861106
0.209915 0.399094
0.887883 0.256528
0.966802 0.619157
0.165346 0.826199
0.655693 0.546453
0.251329 0.040156
0.233375 0.361113
0.633455 0.986098
0.207157 0.757084
0.886328 0.472230
0.158914 0.810921
0.476508 0.116288
0.875721 0.635186
0.097281 0.908439
0.035016 0.039750
0.988568 0.686182
0.376689 0.504324
0.763496 0.048875
0.725928 0.701328
0.458891 0.582295
0.339090 0.170625
0.399193 0.919777
0.324562 0.083582
0.512666 0.832865
0.904613 0.723596
0.382996 0.298017
0.691712 0.880457
0.924548 0.081253
0.482673 0.128265
0.252911 0.883962
0.196277 0.121354
0.543695 0.314621
0.382041 0.791539
0.839179 0.680236
0.416922 0.642890
0.214081 0.617271
0.675191 0.601023
0.346310 0.364401
0.171481 0.795362
0.492667 0.354623
0.844833 0.816527
0.846228 0.370187
0.383230 0.861335
0.463909 0.570548
0.695307 0.960917
0.546313 0.636577
0.570892 0.927112
0.863766 0.169839
0.178699 0.243504
0.751779 0.199134
0.982941 0.709639
0.175436 0.858297
0.909411 0.961663
0.570600 0.562879
0.176661 0.513679
0.548472 0.165277
0.198807 0.623169
0.026315 0.318791
0.533000 0.326774
0.602190 0.361933
0.134921 0.913814
0.640559 0.658774
0.675330 0.744558
0.842178 0.516657
0.151869 0.380664
0.821019 0.171364
0.329975 0.966472
0.806293 0.222188
0.999773 0.063739
0.400293 0.111923
0.424311 0.613546
0.988061 0.219901
0.354081 0.266242
0.291498 0.188390
0.022860 0.449404
0.243640 0.868727
0.528611 0.914135
0.973930 0.585426
0.118975 0.926533
0.593561 0.883615
0.070764 0.924772
0.642079 0.104500
0.700225 0.395804
0.084905 0.214479
0.248799 0.226653
0.703004 0.754153
0.547287 0.553483
0.634278 0.600456
0.909187 0.570837
0.335420 0.957139
0.439923 0.601543
0.720262 0.678778
0.212759 0.081623
0.274479 0.867518
0.559357 0.464628
0.430301 0.773986
0.653920 0.657729
0.161021 0.432377
0.480372 0.342421
0.777146 0.383944
0.729180 0.937559
0.517254 0.903069
0.218193 0.873219
0.082693 0.465403
0.021930 0.808281
0.179210 0.165392
0.181603 0.691437
0.213764 0.298105
0.768335 0.501150
0.909465 0.057853
0.436752 0.572255
0.565067 0.823817
0.126099 0.300117
0.002122 0.951107
0.766299 0.751304
0.138865 0.349320
0.151341 0.496721
0.808652 0.632869
0.688401 0.639570
0.626955 0.180591
0.573307 0.163566
0.906052 0.077343
0.338535 0.580618
0.475235 0.805320
0.530778 0.227310
0.709485 0.148633
0.658116 0.633983
0.229306 0.182228
0.166353 0.149607
0.202747 0.954959
0.015908 0.957514
0.025692 0.971111
0.862339 0.896405
0.189011 0.660720
0.941231 0.975707
0.107935 0.178899
0.746551 0.049469
0.071285 0.489126
0.849894 0.997041
0.861348 0.909139
0.845351 0.878873
0.746182 0.117489
0.509022 0.168832
0.169484 0.883737
0.387863 0.382569
0.741502 0.447873
0.709639 0.944331
0.640929 0.808613
0.115494 0.080281
0.360468 0.828906
0.214610 0.791040
0.654688 0.026146
0.785776 0.922563
0.492313 0.834012
0.131354 0.759783
0.925736 0.832708
0.259401 0.213022
0.522315 0.397357
0.479110 0.993904
0.604478 0.944909
0.490442 0.437947
0.442904 0.053000
0.087822 0.797986
0.110408 0.216647
0.811020 0.138662
0.881899 0.923556
0.167812 0.540223
0.101662 0.039268
0.360928 0.644205
0.067947 0.207912
0.150097 0.991307
0.427062 0.955372
0.724247 0.580892
0.540258 0.705441
0.926860 0.008296
0.997137 0.227653
0.919542 0.641999
0.105320 0.268161
0.763844 0.805510
0.104253 0.469759
0.219062 0.922708
0.320323 0.857544
0.188268 0.759194
0.031689 0.642339
0.566871 0.376410
0.012846 0.186612
0.141057 0.732217
0.691067 0.034493
0.488857 0.971390
0.112451 0.743214
0.426504 0.076239
0.290587 0.561335
0.633333 0.930776
0.977769 0.093597
0.661735 0.602773
0.473818 0.356256
0.475578 0.671022
0.959645 0.089084
0.797742 0.590776
0.293295 0.051588
0.504128 0.768376
0.282985 0.225360
0.331290 0.453251
0.737385 0.509886
0.382514 0.905483
0.132031 0.618302
0.383020 0.991194
0.286827 0.706191
0.535206 0.193211
0.689435 0.050455
0.184434 0.045658
0.885042 0.839794
0.118155 0.410415
0.120229 0.572093
0.949390 0.256385
0.989865 0.349808
0.208522 0.665827
0.166252 0.231278
0.052209 0.901756
0.793292 0.373014
0.832055 0.753835
0.621863 0.394093
0.359278 0.088852
0.341677 0.548671
0.460547 0.645452
0.513521 0.814426
0.589817 0.187172
0.611330 0.051942
0.575727 0.842345
0.149057 0.028279
0.756670 0.796106
0.293556 0.115207
0.375092 0.828894
0.960140 0.943118
0.112699 0.648287
0.480804 0.066521
0.262457 0.651069
0.133604 0.638546
0.384943 0.765698
0.652916 0.381489
0.300019 0.340140
0.918927 0.456267
0.442497 0.454186
0.945282 0.219119
0.882403 0.019875
0.341765 0.766027
0.342804 0.618806
0.599081 0.601568
0.649417 0.342721
0.493299 0.701774
0.887803 0.055058
0.764071 0.987959
0.125325 0.364477
0.676230 0.375758
0.133475 0.672651
0.202585 0.868515
0.751157 0.419380
0.000231 0.149464
0.284293 0.435316
0.903759 0.925106
0.505292 0.627582
0.719264 0.023913
0.574933 0.046534
0.422531 0.467734
0.022628 0.065074
0.923956 0.534143
0.366796 0.363946
0.784028 0.486739
0.464798 0.131253
0.886391 0.674557
0.983917 0.979790
0.728242 0.498170
0.849828 0.190918
0.124144 0.002790
0.152953 0.534161
0.310596 0.003555
0.448339 0.244086
0.803385 0.823971
0.852191 0.467252
0.970699 0.841244
0.078548 0.237599
0.817571 0.405829
0.965005 0.765285
0.574534 0.915925
0.495432 0.166012
0.325998 0.296436
0.558298 0.067477
0.068978 0.166785
0.947438 0.811088
0.710456 0.970246
0.998427 0.987455
0.150087 0.958479
0.530459 0.074087
0.311821 0.895171
0.834768 0.002349
0.245131 0.064122
0.263148 0.102720
0.483719 0.418884
0.381289 0.886765
0.420558 0.283848
0.048181 0.219166
0.239176 0.029258
0.702311 0.007636
0.610921 0.408090
0.248947 0.652460
0.320277 0.103672
0.535565 0.164870
0.847742 0.762661
0.710427 0.688664
0.320948 0.531648
0.500401 0.432763
0.904282 0.630183
0.840637 0.468814
0.545222 0.179104
0.634462 0.962959
0.534014 0.479614
0.793666 0.092714
0.880800 0.003874
0.511529 0.678464
0.565748 0.478459
0.320513 0.601580
0.913153 0.682518
0.946733 0.099089
0.511029 0.110128
0.545262 0.688786
0.147417 0.777561
0.399051 0.898300
0.307044 0.061051
0.950395 0.016371
0.114668 0.012410
0.216227 0.011428
0.642449 0.516991
0.245542 0.193747
0.090871 0.368442
0.007793 0.602701
0.744444 0.839349
0.262432 0.514238
0.446774 0.341211
0.839142 0.982493
0.328536 0.268186
0.678492 0.055688
0.034057 0.286518
0.077390 0.900572
0.416218 0.728763
0.406474 0.951807
0.911985 0.951414
0.346001 0.290244
0.886701 0.210031
0.130877 0.520516
0.905463 0.402530
0.933060 0.602872
0.377492 0.664931
0.792190 0.333492
0.958714 0.711832
0.166907 0.442777
0.529331 0.626474
0.680819 0.923198
0.152834 0.405721
0.312476 0.693899
0.890688 0.490671
0.805824 0.326439
0.549879 0.388784
0.896829 0.676120
0.828397 0.110089
0.279227 0.767636
0.436552 0.936864
0.359553 0.026839
0.500419 0.827015
0.329410 0.659496
0.013004 0.718068
0.391119 0.033505
0.406015 0.716308
0.921336 0.984016
0.865703 0.800961
0.554979 0.418872
0.127123 0.654621
0.840164 0.070755
0.152921 0.631000
0.316375 0.959112
0.498674 0.738609
0.576451 0.807379
0.654968 0.878228
0.902373 0.152233
0.192580 0.790976
0.060705 0.389827
0.299966 0.734180
0.104209 0.792575
0.782729 0.532398
0.253352 0.070955
0.625803 0.024681
0.062042 0.129612
0.856111 0.498445
0.048785 0.313832
0.641631 0.786387
0.818435 0.595128
0.411690 0.794006
0.343208 0.462607
0.367824 0.679571
0.567779 0.651777
0.491114 0.398458
0.411028 0.969092
0.780721 0.729018
0.978661 0.111359
0.396077 0.492061
0.974381 0.726426
0.704824 0.380994
0.076411 0.410840
0.142991 0.798920
0.650041 0.678532
0.253623 0.843181
0.293959 0.026860
0.711403 0.783407
0.623923 0.825415
0.035023 0.405475
0.880839 0.280685
0.599143 0.026226
0.155199 0.833911
0.194893 0.829788
0.338075 0.671117
0.052366 0.734309
0.289772 0.376560
0.113755 0.964851
0.716676 0.506787
0.328088 0.753524
0.836006 0.253716
0.534425 0.435165
0.157704 0.600481
0.937451 0.107759
0.899981 0.550465
0.427357 0.152381
0.247546 0.447369
0.532783 0.354651
0.773115 0.881681
0.734092 0.406432
0.604179 0.641105
0.127467 0.496192
0.310469 0.578574
0.943609 0.426940
0.033128 0.929434
0.924982 0.358307
0.259989 0.786860
0.511582 0.562527
0.684794 0.092397
0.872579 0.942938
0.096594 0.845883
0.909396 0.011341
0.523683 0.650345
0.385145 0.649302
0.762853 0.575686
0.631919 0.278204
0.839836 0.426835
0.631622 0.833467
0.270185 0.400801
0.554255 0.443865
0.090384 0.744381
0.032615 0.429743
0.037262 0.975798
0.255018 0.909050
0.894560 0.398517
0.625020 0.567597
0.235122 0.244865
0.640917 0.304524
0.825621 0.883689
0.945373 0.390795
0.801320 0.157113
0.625165 0.698985
0.085869 0.531180
0.234786 0.839657
0.495540 0.152366
0.230768 0.657954
0.562948 0.291829
0.622305 0.715905
0.280731 0.412273
0.362206 0.781392
0.135487 0.902070
0.783590 0.677062
0.149812 0.696619
0.129013 0.945946
0.886412 0.515005
0.679409 0.976793
0.190883 0.428641
0.014457 0.325285
0.134702 0.450517
0.572275 0.792023
0.419737 0.532537
0.925704 0.899082
0.544833 0.901124
0.051827 0.808603
0.822402 0.348235
0.165471 0.028134
0.955370 0.680291
0.860562 0.939094
0.920043 0.300063
0.073391 0.767399
0.084952 0.728764
0.447890 0.651249
0.633801 0.014096
0.470371 0.886326
0.114028 0.442541
0.659548 0.294773
0.950368 0.694286
0.206807 0.554762
0.879278 0.557858
0.752334 0.894901
0.841844 0.130857
0.189154 0.153640
0.028902 0.009085
0.918923 0.733574
0.258163 0.732854
0.809789 0.745234
0.468952 0.087265
0.828717 0.685945
0.267325 0.969484
0.183774 0.299941
0.195055 0.705379
0.296172 0.462782
0.925232 0.215889
0.001009 0.906606
0.680042 0.514952
0.522069 0.102919
0.996880 0.358969
0.007662 0.545285
0.045395 0.841730
0.783419 0.972400
0.586464 0.778044
0.727697 0.650987
0.664615 0.938780
0.535081 0.398440
0.670458 0.440534
0.132874 0.439204
0.398272 0.751349
0.522350 0.490433
0.088679 0.250852
0.447559 0.637961
0.709445 0.992620
0.932195 0.092229
0.970455 0.597007
0.300041 0.813545
0.076710 0.354473
0.132011 0.158180
0.062147 0.701843
0.086482 0.616787
0.173772 0.651401
0.498696 0.284511
0.938169 0.000326
0.106421 0.106794
0.367109 0.239608
0.346140 0.249620
0.387064 0.421038
0.269994 0.843982
0.740468 0.826102
0.182192 0.065436
0.111618 0.095824
0.814578 0.089437
0.731279 0.903857
0.452232 0.070688
0.241278 0.731865
0.208906 0.116332
0.983497 0.248344
0.606356 0.816695
0.830054 0.489039
0.760728 0.915108
0.900975 0.214238
0.547061 0.784709
0.194441 0.746889
0.475558 0.583259
0.260548 0.084822
0.298133 0.917129
0.762970 0.772172
0.021300 0.879986
0.929952 0.281960
0.168880 0.745167
0.477134 0.653445
0.966576 0.313027
0.076439 0.791415
0.365384 0.585099
0.183337 0.076919
0.300957 0.383884
0.650749 0.817371
0.766266 0.374176
0.189862 0.646502
0.003605 0.282888
0.123236 0.735877
0.832243 0.359910
0.076238 0.556926
0.273930 0.132055
0.699655 0.485905
0.182716 0.101215
0.201584 0.134746
0.323789 0.950545
0.532131 0.247686
0.437276 0.669088
0.547696 0.609054
0.863135 0.380696
0.748956 0.156697
0.058124 0.339707
0.817176 0.377548
0.338236 0.927984
0.898425 0.850706
0.256792 0.285496
0.779947 0.701395
0.490579 0.503453
0.453259 0.132854
0.758506 0.565237
0.648637 0.798058
0.904729 0.292020
0.725870 0.339446
0.272681 0.170275
0.664018 0.535852
0.829109 0.267362
0.176156 0.431186
0.475655 0.785221
0.130652 0.051356
0.136195 0.694556
0.515679 0.542582
0.119665 0.886598
0.638128 0.090590
0.074708 0.182451
0.031688 0.724936
0.789848 0.566253
0.304881 0.319373
0.784980 0.503736
0.162950 0.921075
0.758249 0.961195
0.422568 0.943730
0.570194 0.346471
0.159073 0.665256
0.684203 0.792409
0.288239 0.606180
0.766029 0.846152
0.901981 0.595707
0.869408 0.414218
0.661209 0.783485
0.247886 0.554425
0.229585 0.006913
0.766639 0.021833
0.746423 0.799671
0.907799 0.974574
0.119863 0.518970
0.821975 0.637023
0.966605 0.067344
0.437535 0.320840
0.134052 0.134585
0.805948 0.524764
0.944257 0.988340
0.409894 0.371188
0.226854 0.446031
0.266221 0.459096
0.432905 0.259623
0.133715 0.419228
0.684689 0.443094
0.435663 0.793024
0.555182 0.630750
0.097989 0.245676
0.615725 0.304960
0.766968 0.267229
0.039506 0.296562
0.556365 0.969074
0.689125 0.717881
0.875724 0.393099
0.458067 0.208245
0.757273 0.546692
0.357388 0.700998
0.597302 0.659176
0.636006 0.525561
0.259623 0.051171
0.731950 0.164291
0.280397 0.259427
0.547096 0.541268
0.788113 0.869606
0.180468 0.930599
0.045152 0.240646
0.008855 0.671594
0.567733 0.188272
0.324196 0.716037
0.552929 0.142282
0.380364 0.396569
0.970523 0.608886
0.719666 0.302752
0.459022 0.048029
0.385352 0.361716
0.287584 0.816713
0.450528 0.806633
0.790173 0.282958
0.068309 0.054931
0.637523 0.424286
0.905531 0.417321
0.937091 0.660955
0.394657 0.258991
0.847912 0.945056
0.377000 0.067280
0.181582 0.575748
0.461664 0.346977
0.318166 0.459915
0.658453 0.158804
0.802663 0.408580
0.746352 0.173955
0.117545 0.174038
0.714305 0.907037
0.211836 0.836665
0.859302 0.523377
0.065076 0.509456
0.620798 0.733567
0.229996 0.021872
0.138989 0.769507
0.969765 0.386794
0.993428 0.326393
0.137161 0.384754
0.136951 0.709803
0.464864 0.113271
0.700879 0.179986
0.803668 0.513956
0.548438 0.207845
0.721156 0.073138
0.594862 0.861977
0.303473 0.607440
0.796169 0.954087
0.599817 0.842622
0.031200 0.187270
0.943594 0.947922
0.928879 0.672717
0.663341 0.703652
0.918951 0.660072
0.690105 0.853724
0.467902 0.458479
0.190436 0.025673
0.056815 0.142936
0.678443 0.114789
0.236064 0.289081
0.172756 0.323706
0.801110 0.299634
0.775626 0.552771
0.554692 0.730647
0.773625 0.900847
0.128311 0.935260
0.273230 0.942679
0.638151 0.872531
0.187318 0.545649
0.575078 1.009977
0.926860 1.008296
0.124144 1.002790
0.310596 1.003555
0.834768 1.002349
0.702311 1.007636
0.880800 1.003874
0.028902 1.009085
0.938169 1.000326
0.229585 1.006913
1.006011 0.801912
1.006226 0.374346
1.001463 0.883789
1.002122 0.951107
1.000231 0.149464
1.007793 0.602701
1.001009 0.906606
1.007662 0.545285
1.003605 0.282888
1.008855 0.671594
