-0.009409 0.318555
-0.003920 0.381783
-0.001008 0.202681
-0.008126 0.724071
-0.003328 0.271244
-0.007768 0.188540
-0.007944 0.261793
-0.001430 0.027660
-0.000049 0.296831
-0.008225 0.979274
-0.003791 0.220153
0.246179 -0.001874
0.508379 -0.001737
0.717123 -0.001154
0.658237 -0.009367
0.595430 -0.009761
0.405148 -0.003016
0.085949 -0.007087
0.485621 -0.001468
0.848871 -0.003530
0.579369 -0.008568
0.696519 -0.008291
0.831364 0.342233
0.878506 0.310105
0.337037 0.457386
0.289489 0.769017
0.135037 0.852039
0.788374 0.681968
0.388632 0.867205
0.181360 0.212537
0.962406 0.433778
0.595559 0.754548
0.692300 0.443926
0.615750 0.167200
0.648775 0.247844
0.515668 0.566327
0.721644 0.331236
0.990591 0.318555
0.171488 0.791951
0.051955 0.791902
0.861637 0.106426
0.173869 0.014835
0.285643 0.007368
0.762011 0.879926
0.795412 0.265651
0.623386 0.052677
0.737147 0.337561
0.681843 0.321990
0.213731 0.662651
0.001169 0.751713
0.737164 0.554559
0.996080 0.381783
0.851589 0.956350
0.184168 0.277026
0.181519 0.935658
0.679308 0.343854
0.480764 0.494341
0.378104 0.433355
0.897662 0.316420
0.709805 0.798310
0.970116 0.531878
0.401047 0.840666
0.166252 0.474256
0.167952 0.213587
0.445252 0.489453
0.972811 0.646337
0.962430 0.772164
0.904926 0.024717
0.931668 0.240407
0.161266 0.961316
0.463769 0.081423
0.862250 0.026332
0.889995 0.805963
0.386484 0.656803
0.341955 0.217577
0.848463 0.086127
0.902733 0.666654
0.176436 0.611484
0.448129 0.503301
0.054959 0.552142
0.447257 0.184999
0.115418 0.135511
0.949360 0.547912
0.090027 0.826523
0.476045 0.908893
0.194986 0.435128
0.688347 0.882798
0.680664 0.091109
0.056193 0.987759
0.233815 0.812286
0.141707 0.788046
0.537245 0.235604
0.409171 0.163431
0.441078 0.426830
0.314108 0.941880
0.246179 0.998126
0.056227 0.863606
0.586156 0.586768
0.393785 0.485465
0.496819 0.801230
0.428971 0.606026
0.632626 0.525693
0.404057 0.689584
0.425232 0.238702
0.774438 0.199937
0.333390 0.346075
0.439280 0.840495
0.798128 0.665766
0.253354 0.349255
0.455210 0.706724
0.499062 0.348409
0.806471 0.173125
0.214908 0.845380
0.433225 0.940036
0.782387 0.828082
0.275293 0.388151
0.933597 0.445935
0.263173 0.737101
0.555511 0.507722
0.282702 0.845259
0.668266 0.010256
0.736610 0.380752
0.998992 0.202681
0.149762 0.801108
0.965380 0.921387
0.769141 0.433092
0.052887 0.960031
0.155814 0.140436
0.715068 0.945602
0.145361 0.634090
0.627567 0.848272
0.902795 0.121395
0.079647 0.541554
0.843448 0.054924
0.797654 0.011873
0.295383 0.219784
0.980086 0.092657
0.721647 0.805763
0.344434 0.961038
0.787530 0.463234
0.412391 0.010954
0.381937 0.044886
0.173059 0.988786
0.342016 0.533906
0.940765 0.038341
0.174073 0.169871
0.777156 0.033992
0.490370 0.746964
0.766697 0.306454
0.197019 0.501363
0.029427 0.428843
0.582273 0.070604
0.682110 0.872217
0.048825 0.070446
0.370328 0.182226
0.063153 0.326634
0.860567 0.595197
0.420406 0.502019
0.350203 0.128875
0.535247 0.397499
0.597427 0.343169
0.133101 0.536710
0.157018 0.427600
0.921580 0.826954
0.986116 0.856151
0.201120 0.326064
0.842998 0.067359
0.797087 0.711238
0.356854 0.409761
0.066035 0.836856
0.296995 0.896896
0.306498 0.406555
0.856754 0.476680
0.503894 0.681806
0.278806 0.820628
0.932643 0.712047
0.643918 0.925972
0.760682 0.158006
0.847029 0.981353
0.486846 0.932633
0.532654 0.699837
0.684406 0.961943
0.714543 0.742016
0.282242 0.870180
0.122703 0.391394
0.772514 0.834195
0.508379 0.998263
0.664267 0.095399
0.694871 0.607524
0.371712 0.019256
0.931363 0.220574
0.090330 0.546627
0.433097 0.529256
0.895519 0.070089
0.077133 0.197152
0.640477 0.320327
0.103026 0.560464
0.428826 0.710051
0.657516 0.949813
0.555008 0.094728
0.429279 0.309999
0.729679 0.197258
0.157105 0.227186
0.209904 0.397195
0.003315 0.644116
0.554864 0.919325
0.534051 0.155540
0.791770 0.408768
0.224675 0.390052
0.430876 0.073197
0.807724 0.085386
0.895469 0.879447
0.109379 0.072592
0.437663 0.889032
0.579116 0.972058
0.571903 0.315565
0.806490 0.477670
0.626379 0.211652
0.042016 0.091584
0.603466 0.635395
0.215297 0.076840
0.235644 0.159144
0.717123 0.998846
0.393584 0.020138
0.629452 0.177060
0.588838 0.530245
0.343399 0.715416
0.350587 0.543172
0.468700 0.013046
0.131132 0.696978
0.399591 0.220834
0.111920 0.431683
0.298965 0.639238
0.082598 0.082275
0.802512 0.740358
0.386083 0.986047
0.604998 0.361807
0.761032 0.719208
0.518110 0.109116
0.108498 0.202774
0.704924 0.687999
0.847698 0.617552
0.788292 0.627333
0.115714 0.230461
0.313997 0.313137
0.920542 0.058238
0.699426 0.501295
0.515154 0.450854
0.834288 0.473041
0.728822 0.402763
0.519080 0.704666
0.043829 0.228010
0.561484 0.473875
0.196835 0.842608
0.571392 0.374767
0.095739 0.378095
0.946943 0.807712
0.124464 0.966166
0.603003 0.676603
0.242707 0.934836
0.533139 0.008773
0.970461 0.880165
0.647333 0.089231
0.641930 0.073186
0.299700 0.625288
0.028786 0.158628
0.728568 0.532267
0.196687 0.918283
0.215270 0.352886
0.158238 0.370072
0.737094 0.029998
0.560874 0.218211
0.918168 0.518064
0.156804 0.830328
0.751460 0.343676
0.621387 0.611352
0.608994 0.596034
0.029332 0.387252
0.943868 0.659753
0.931332 0.885922
0.708380 0.442486
0.813631 0.855257
0.185990 0.353210
0.566110 0.184812
0.465595 0.183272
0.591420 0.780997
0.655471 0.060048
0.687455 0.661856
0.053280 0.763323
0.034650 0.897740
0.707234 0.089462
0.333825 0.138356
0.239229 0.971077
0.971044 0.806948
0.923074 0.682245
0.644005 0.496749
0.991874 0.724071
0.379904 0.079561
0.732587 0.513735
0.522348 0.814356
0.834622 0.946853
0.486553 0.180239
0.178588 0.597695
0.974727 0.927531
0.553925 0.288956
0.225538 0.766697
0.218206 0.444952
0.351203 0.420986
0.806642 0.030610
0.233130 0.907989
0.841046 0.831535
0.155533 0.305559
0.737204 0.601229
0.591342 0.911805
0.504448 0.792388
0.804698 0.651018
0.599039 0.297981
0.650286 0.175838
0.178847 0.325293
0.633545 0.283457
0.496059 0.875472
0.258996 0.923790
0.755561 0.659032
0.224470 0.819643
0.433237 0.389778
0.476899 0.269593
0.880687 0.963449
0.515006 0.509898
0.555600 0.849666
0.839403 0.128429
0.252799 0.335877
0.730847 0.681165
0.327121 0.360414
0.329934 0.466342
0.871074 0.953634
0.564217 0.944674
0.832639 0.270941
0.337445 0.167479
0.965462 0.411262
0.865938 0.920656
0.787235 0.344991
0.069306 0.763430
0.594975 0.564306
0.684148 0.626014
0.741342 0.725724
0.336403 0.256915
0.446317 0.758603
0.411393 0.708262
0.667195 0.915289
0.737783 0.318674
0.888135 0.290092
0.918816 0.987075
0.464060 0.851569
0.334423 0.083273
0.996672 0.271244
0.613377 0.922482
0.769040 0.521181
0.354328 0.356619
0.770754 0.105483
0.079809 0.958274
0.908362 0.370571
0.097615 0.367703
0.690379 0.916111
0.561682 0.590664
0.349530 0.318997
0.015559 0.415611
0.929595 0.333855
0.302525 0.136979
0.617686 0.545670
0.924069 0.211503
0.832026 0.383957
0.771434 0.216452
0.883621 0.447076
0.894230 0.359277
0.694384 0.588625
0.818449 0.164815
0.166592 0.564337
0.572632 0.874531
0.597955 0.501655
0.303788 0.362783
0.827112 0.522379
0.562580 0.746230
0.658237 0.990633
0.757171 0.573175
0.798103 0.923295
0.771242 0.269440
0.947565 0.863400
0.589239 0.151432
0.746163 0.586084
0.756156 0.063090
0.413452 0.889942
0.876135 0.939887
0.496274 0.094174
0.639835 0.336618
0.315740 0.853572
0.636299 0.255081
0.518408 0.153021
0.124772 0.863164
0.267171 0.329806
0.282147 0.711031
0.082124 0.291409
0.859829 0.089129
0.910053 0.144411
0.674713 0.212796
0.324068 0.504283
0.003915 0.045366
0.882870 0.069666
0.914058 0.663918
0.156928 0.748747
0.036115 0.979775
0.505566 0.665266
0.540435 0.439141
0.324656 0.643791
0.725306 0.026173
0.352956 0.371379
0.118277 0.172675
0.439489 0.214545
0.360686 0.686529
0.771070 0.339646
0.018103 0.160102
0.288870 0.419265
0.309263 0.456062
0.275926 0.520981
0.804171 0.988551
0.679145 0.197180
0.138134 0.572208
0.103472 0.829816
0.818573 0.776710
0.766237 0.754453
0.252797 0.811886
0.426306 0.869249
0.144617 0.951382
0.152904 0.039922
0.387151 0.288972
0.339897 0.658698
0.371834 0.749723
0.193698 0.039584
0.393156 0.742110
0.729057 0.485570
0.264794 0.365461
0.967191 0.003381
0.421399 0.765074
0.332373 0.009583
0.883527 0.897452
0.080670 0.747800
0.018246 0.080818
0.277197 0.677283
0.319981 0.041466
0.668441 0.573060
0.178327 0.528483
0.949565 0.951376
0.095097 0.771208
0.919191 0.530660
0.218558 0.285718
0.279925 0.099698
0.376637 0.730591
0.413246 0.240480
0.555466 0.062097
0.106546 0.375473
0.951501 0.087943
0.905078 0.502355
0.254579 0.298073
0.605465 0.143898
0.119878 0.116263
0.033438 0.059749
0.774440 0.725307
0.898553 0.193228
0.309924 0.230700
0.012793 0.108607
0.647373 0.360090
0.156418 0.323297
0.592604 0.898831
0.133703 0.775798
0.595430 0.990239
0.015619 0.833206
0.342815 0.604643
0.067370 0.795220
0.276650 0.033531
0.131347 0.122184
0.339632 0.389475
0.381941 0.560004
0.291974 0.021607
0.278073 0.625078
0.238293 0.184599
0.656134 0.222512
0.581161 0.958261
0.323734 0.130396
0.740226 0.928534
0.367327 0.121419
0.158734 0.867480
0.486686 0.200433
0.253041 0.703167
0.766930 0.485457
0.923891 0.621760
0.169687 0.920882
0.775752 0.920104
0.051289 0.287146
0.644664 0.465245
0.401403 0.810307
0.061046 0.066653
0.950097 0.577236
0.992232 0.188540
0.951188 0.645563
0.418880 0.117671
0.272985 0.055021
0.022550 0.609999
0.050298 0.813005
0.307914 0.876882
0.521774 0.478502
0.451812 0.339567
0.394703 0.389637
0.592217 0.093311
0.392722 0.895625
0.500574 0.913200
0.160404 0.293251
0.836463 0.786410
0.931174 0.432678
0.609871 0.687775
0.794831 0.866557
0.445045 0.719384
0.775439 0.468585
0.621151 0.687314
0.165937 0.270037
0.504177 0.206002
0.452478 0.804244
0.672767 0.264570
0.017500 0.624463
0.672993 0.400913
0.885969 0.482349
0.314103 0.278389
0.861180 0.846820
0.822455 0.587870
0.984236 0.250591
0.749632 0.308428
0.021156 0.274318
0.992056 0.261793
0.650292 0.716976
0.585613 0.514414
0.635142 0.913692
0.796487 0.296616
0.596938 0.833876
0.087297 0.587394
0.791688 0.053574
0.303653 0.054924
0.268261 0.303171
0.478618 0.730942
0.399190 0.520006
0.124675 0.660107
0.424704 0.857600
0.958616 0.244479
0.757089 0.970792
0.687439 0.598190
0.473192 0.125152
0.473390 0.684732
0.418846 0.350824
0.204210 0.195351
0.207925 0.118765
0.628838 0.963045
0.740883 0.758979
0.323215 0.963946
0.330679 0.844065
0.845047 0.444166
0.930853 0.160099
0.653609 0.415448
0.919198 0.642048
0.330279 0.719289
0.216497 0.318009
0.164548 0.192405
0.856039 0.173873
0.213928 0.753077
0.850331 0.322477
0.440511 0.796518
0.230063 0.029974
0.092060 0.232209
0.448006 0.066619
0.975287 0.305040
0.208434 0.615618
0.215203 0.678031
0.104190 0.694236
0.810847 0.965733
0.829151 0.881134
0.570400 0.919282
0.097397 0.092042
0.702156 0.127718
0.633614 0.978155
0.317063 0.570312
0.302874 0.336770
0.630532 0.865025
0.494094 0.763654
0.153441 0.888296
0.961991 0.947150
0.394934 0.780706
0.838844 0.762455
0.389213 0.344949
0.070427 0.664975
0.565271 0.773933
0.625550 0.804296
0.545531 0.249203
0.895140 0.855086
0.588809 0.052611
0.897438 0.084769
0.507539 0.016932
0.198534 0.374250
0.726524 0.639862
0.980869 0.388462
0.792206 0.853440
0.827381 0.983820
0.324344 0.246487
0.189360 0.021433
0.266123 0.265965
0.916263 0.484054
0.998570 0.027660
0.888692 0.470896
0.155326 0.650809
0.350996 0.101132
0.356041 0.662958
0.148763 0.730182
0.496482 0.469733
0.571395 0.641322
0.266498 0.495365
0.861287 0.693087
0.516717 0.759235
0.098390 0.465875
0.742861 0.898660
0.100937 0.302849
0.125424 0.499693
0.621359 0.189567
0.423681 0.954695
0.135069 0.559614
0.047661 0.195541
0.508594 0.423977
0.929113 0.607348
0.380618 0.058758
0.543213 0.526365
0.896549 0.734999
0.597201 0.855566
0.302654 0.936905
0.419652 0.025413
0.235693 0.749086
0.287532 0.793274
0.227866 0.546665
0.329567 0.672123
0.699570 0.574189
0.699102 0.902266
0.489809 0.264498
0.688770 0.838357
0.388571 0.068619
0.588664 0.665984
0.268791 0.633262
0.775442 0.645908
0.646495 0.289740
0.960376 0.421028
0.446926 0.355269
0.276265 0.952497
0.315328 0.258079
0.113862 0.745018
0.263668 0.841297
0.759795 0.255298
0.692150 0.095714
0.716556 0.643689
0.884713 0.366971
0.164646 0.179390
0.439744 0.336410
0.324025 0.097393
0.514625 0.044907
0.380877 0.584118
0.935782 0.016946
0.312749 0.658955
0.785730 0.227955
0.062832 0.936603
0.522001 0.975905
0.047424 0.452609
0.792205 0.834583
0.181933 0.411886
0.900569 0.393891
0.587818 0.326210
0.275495 0.359302
0.631085 0.444016
0.662286 0.480722
0.385558 0.374679
0.956662 0.162500
0.478012 0.966190
0.019886 0.437102
0.822537 0.480141
0.859438 0.436781
0.899109 0.916493
0.894844 0.518238
0.625455 0.109149
0.014247 0.493399
0.405148 0.996984
0.999951 0.296831
0.508684 0.844875
0.026323 0.013057
0.673772 0.854093
0.857152 0.756939
0.231277 0.523736
0.516208 0.624489
0.504746 0.314459
0.030914 0.046257
0.497170 0.053717
0.868717 0.334381
0.423394 0.002884
0.427605 0.222336
0.875620 0.852766
0.321289 0.381928
0.165312 0.627625
0.140121 0.156493
0.862285 0.197499
0.960784 0.364234
0.847817 0.540711
0.475776 0.084980
0.379646 0.523527
0.811950 0.896088
0.830035 0.490043
0.767424 0.013291
0.629580 0.331199
0.199973 0.862774
0.946012 0.590043
0.432365 0.204902
0.188985 0.010790
0.846934 0.280461
0.401843 0.716854
0.713298 0.888345
0.684624 0.167537
0.092643 0.917324
0.853295 0.357132
0.092066 0.332211
0.067462 0.088046
0.520115 0.270223
0.723810 0.868843
0.176670 0.395829
0.431660 0.736377
0.229321 0.452490
0.207200 0.106890
0.085949 0.992913
0.440818 0.254058
0.760054 0.174691
0.500682 0.297801
0.862521 0.663262
0.686820 0.116147
0.405251 0.191908
0.902459 0.600598
0.049245 0.519976
0.482353 0.012774
0.460381 0.026195
0.961560 0.567100
0.873146 0.573015
0.476468 0.593152
0.281110 0.075685
0.669274 0.628025
0.093359 0.668921
0.108384 0.633218
0.171777 0.308392
0.665322 0.167571
0.117499 0.265622
0.746845 0.609121
0.475201 0.364521
0.072581 0.394367
0.740955 0.694836
0.011819 0.544496
0.399253 0.309118
0.485621 0.998532
0.955557 0.815996
0.966822 0.339434
0.184731 0.253457
0.580721 0.469048
0.731017 0.823817
0.792408 0.354919
0.361374 0.493924
0.495281 0.428728
0.506396 0.929289
0.687138 0.281673
0.863479 0.277893
0.642104 0.519869
0.715769 0.489238
0.225935 0.411879
0.278591 0.338364
0.692083 0.725038
0.238038 0.140017
0.803630 0.804318
0.671382 0.418173
0.360122 0.113624
0.089069 0.188897
0.918448 0.775126
0.848871 0.996470
0.748524 0.051783
0.020481 0.809372
0.841383 0.579571
0.768231 0.858208
0.394530 0.119831
0.119899 0.067575
0.498709 0.379638
0.165670 0.802229
0.001084 0.511401
0.282756 0.305751
0.651393 0.456928
0.623385 0.388240
0.278268 0.146684
0.550415 0.468482
0.641205 0.383073
0.205573 0.038065
0.898961 0.050882
0.292024 0.062427
0.094594 0.958296
0.530108 0.855348
0.617308 0.765579
0.091338 0.407299
0.975951 0.028998
0.127988 0.031687
0.224803 0.136506
0.760819 0.047129
0.210232 0.974909
0.060567 0.205894
0.733261 0.140525
0.985902 0.671762
0.892158 0.244490
0.616283 0.424905
0.799057 0.095856
0.444567 0.098430
0.612273 0.644336
0.580348 0.434364
0.906326 0.986816
0.943711 0.320367
0.078127 0.013044
0.715319 0.900041
0.630619 0.270890
0.190626 0.982724
0.410284 0.621164
0.938646 0.492485
0.485410 0.534120
0.898091 0.483085
0.483020 0.168724
0.293757 0.274592
0.292278 0.941230
0.408750 0.417462
0.465873 0.312841
0.861368 0.556111
0.552978 0.080216
0.352901 0.333842
0.840902 0.303606
0.333457 0.798788
0.270308 0.238538
0.846436 0.565640
0.233368 0.272775
0.411254 0.493014
0.566872 0.823443
0.488027 0.035679
0.030855 0.590142
0.101526 0.238225
0.836925 0.914270
0.983723 0.693609
0.731139 0.934187
0.717618 0.476403
0.589337 0.713839
0.111349 0.814829
0.893501 0.691741
0.009649 0.302576
0.547458 0.618270
0.535021 0.021370
0.822375 0.751255
0.470875 0.770276
0.364294 0.167265
0.365896 0.861320
0.381975 0.686559
0.557352 0.888458
0.569427 0.707137
0.506490 0.647640
0.194368 0.475328
0.101008 0.985904
0.115857 0.523868
0.061185 0.879513
0.823202 0.946716
0.649524 0.977812
0.544573 0.819289
0.871980 0.821188
0.780660 0.883218
0.878289 0.647776
0.432094 0.911198
0.983160 0.440978
0.249757 0.629496
0.598409 0.010067
0.922047 0.175647
0.808984 0.586056
0.283113 0.230886
0.096778 0.531815
0.046373 0.012366
0.824811 0.834690
0.880769 0.204903
0.539349 0.730186
0.470806 0.864384
0.634246 0.220794
0.140138 0.144912
0.774092 0.501090
0.330876 0.830671
0.797337 0.757104
0.194767 0.664798
0.163755 0.388806
0.153095 0.052722
0.692329 0.068350
0.132096 0.111254
0.290105 0.565565
0.581542 0.867184
0.834289 0.144470
0.419807 0.147251
0.225565 0.307411
0.991775 0.979274
0.605360 0.579030
0.359505 0.872264
0.475000 0.066855
0.097081 0.504465
0.835054 0.653019
0.620098 0.675778
0.829241 0.438361
0.054221 0.220860
0.881658 0.564756
0.192805 0.078109
0.189824 0.965362
0.122380 0.611362
0.237158 0.780784
0.308041 0.293016
0.886255 0.328337
0.213221 0.905715
0.422701 0.486817
0.059001 0.807065
0.011534 0.197529
0.711163 0.501727
0.859310 0.721280
0.671915 0.798976
0.804519 0.349946
0.021786 0.556203
0.237540 0.363484
0.422513 0.634867
0.846900 0.871438
0.948311 0.891838
0.117034 0.716920
0.776053 0.313399
0.256973 0.392928
0.976533 0.332408
0.482690 0.665442
0.951293 0.907861
0.595810 0.431445
0.724526 0.960732
0.061734 0.273940
0.228615 0.496606
0.296796 0.685919
0.370900 0.386098
0.865466 0.075969
0.865258 0.836515
0.601410 0.021648
0.181795 0.298835
0.543285 0.705817
0.034855 0.366043
0.572625 0.335987
0.251602 0.563968
0.806450 0.930969
0.574952 0.946784
0.041160 0.722025
0.634727 0.198298
0.624902 0.315246
0.738303 0.282150
0.120249 0.834239
0.764239 0.765692
0.094798 0.710750
0.463148 0.094203
0.584609 0.820826
0.145515 0.866938
0.969620 0.095612
0.387929 0.769428
0.294920 0.875878
0.546158 0.840990
0.263057 0.773614
0.406551 0.655094
0.456958 0.749248
0.103417 0.160396
0.556030 0.415146
0.331790 0.214732
0.841730 0.152285
0.816203 0.093611
0.527660 0.170866
0.635668 0.146546
0.921433 0.757286
0.929016 0.837287
0.013048 0.323227
0.290789 0.115127
0.531103 0.551894
0.536583 0.326070
0.552050 0.179305
0.451401 0.243516
0.855512 0.050707
0.192650 0.894121
0.776323 0.134211
0.421607 0.377099
0.575387 0.854361
0.150169 0.616129
0.175958 0.463437
0.044178 0.843788
0.535152 0.922286
0.896163 0.969967
0.673877 0.937530
0.139334 0.518380
0.483037 0.458753
0.743730 0.498486
0.155673 0.671260
0.586997 0.312036
0.823443 0.329188
0.559166 0.906725
0.057522 0.679380
0.327048 0.773055
0.996209 0.220153
0.666605 0.455503
0.272778 0.293220
0.932740 0.865714
0.097843 0.133814
0.782864 0.012336
0.681207 0.898366
0.961827 0.234134
0.816452 0.879314
0.162968 0.546466
0.261913 0.182361
0.216619 0.944624
0.534356 0.839282
0.967465 0.988497
0.368442 0.524903
0.651914 0.153216
0.087787 0.247102
0.137937 0.717603
0.973932 0.586312
0.504840 0.153823
0.663144 0.709184
0.582533 0.599624
0.023132 0.749323
0.652201 0.331846
0.645571 0.610740
0.724465 0.555066
0.694708 0.549309
0.228882 0.123741
0.199591 0.062243
0.121991 0.193790
0.396559 0.726014
0.373998 0.285282
0.105708 0.796727
0.511784 0.603531
0.047707 0.420475
0.839148 0.393901
0.410933 0.280772
0.238083 0.883419
0.031945 0.729378
0.288529 0.605841
0.772265 0.948622
0.255224 0.414861
0.025017 0.469063
0.630121 0.642333
0.503160 0.404385
0.566156 0.576388
0.754523 0.121136
0.767095 0.960766
0.237921 0.051349
0.389882 0.571644
0.146521 0.505764
0.417186 0.454681
0.162688 0.417517
0.508808 0.282190
0.652071 0.621735
0.708631 0.253060
0.490323 0.321830
0.781571 0.393860
0.457763 0.551875
0.669877 0.786076
0.011907 0.036224
0.352840 0.803634
0.435596 0.144186
0.311935 0.126514
0.098663 0.942334
0.962624 0.275109
0.625005 0.461632
0.692734 0.314159
0.515959 0.345124
0.555928 0.713188
0.679443 0.923180
0.086719 0.511641
0.596732 0.739482
0.174287 0.552714
0.692610 0.023440
0.704933 0.377550
0.958219 0.604627
0.420278 0.363013
0.037323 0.174413
0.402402 0.239947
0.126390 0.429154
0.988469 0.547582
0.043580 0.475426
0.702995 0.707529
0.584664 0.386416
0.045939 0.581196
0.788657 0.766414
0.454860 0.915167
0.483385 0.302087
0.716697 0.205675
0.824545 0.685587
0.728478 0.746173
0.531844 0.041072
0.464212 0.692064
0.798191 0.461241
0.081681 0.680944
0.112083 0.932342
0.729972 0.304648
0.537934 0.688649
0.147618 0.387926
0.076153 0.512985
0.074773 0.908221
0.568796 0.096747
0.791037 0.315832
0.288021 0.377968
0.400141 0.503922
0.456993 0.648710
0.272204 0.219453
0.227999 0.066040
0.069694 0.240474
0.678174 0.496413
0.498086 0.938311
0.275600 0.857118
0.490424 0.132405
0.608827 0.723660
0.865659 0.497635
0.494685 0.832212
0.968957 0.055901
0.092436 0.632143
0.480964 0.483708
0.422565 0.582561
0.749687 0.105763
0.472899 0.109059
0.133496 0.338252
0.660601 0.584008
0.154437 0.588878
0.155832 0.523406
0.259312 0.079613
0.862320 0.292513
0.618696 0.372545
0.466846 0.817855
0.083205 0.067287
0.815454 0.251087
0.011953 0.386303
0.390343 0.828923
0.480687 0.237413
0.772336 0.420725
0.433018 0.491325
0.286583 0.473911
0.448588 0.956567
0.589363 0.491277
0.222421 0.647231
0.340885 0.684898
0.300776 0.094173
0.643376 0.409599
0.226397 0.619523
0.858084 0.898058
0.601748 0.663592
0.579369 0.991432
0.351474 0.013548
0.660578 0.398906
0.913295 0.412275
0.302161 0.777596
0.851774 0.370645
0.405841 0.404815
0.504171 0.107204
0.600295 0.051418
0.697636 0.775213
0.863637 0.649225
0.402413 0.533895
0.035308 0.121676
0.567174 0.989837
0.358810 0.920609
0.466808 0.451600
0.957847 0.627497
0.854815 0.334378
0.815902 0.426912
0.950660 0.394170
0.891198 0.161114
0.531846 0.464589
0.277487 0.804472
0.285918 0.450257
0.577297 0.782046
0.355603 0.032739
0.944795 0.125768
0.659911 0.076321
0.603568 0.062337
0.414222 0.680338
0.007274 0.434385
0.606239 0.889051
0.411930 0.868756
0.039382 0.627105
0.269891 0.694554
0.945503 0.451036
0.272126 0.789005
0.419508 0.611152
0.887283 0.135636
0.266204 0.018369
0.105676 0.644403
0.696519 0.991709
0.865660 0.038371
0.808866 0.070443
0.646444 0.651089
0.703163 0.473661
0.117508 0.794805
0.812801 0.633557
0.137874 0.401733
0.601561 0.869602
0.732602 0.112585
0.925629 0.079306
0.091116 0.795979
0.016963 0.569122
0.960129 0.123734
0.094230 0.654171
0.216962 0.245064
0.181081 0.901138
0.433824 0.456559
0.795066 0.179565
0.216069 0.792531
0.959586 0.028709
0.202440 0.164492
0.205330 0.313040
0.860124 0.508846
0.198499 0.400134
0.560696 0.430865
0.465215 0.919134
0.459980 0.218336
0.821374 0.929950
0.497144 0.658271
0.738022 0.170712
0.628079 0.233741
0.084456 0.352847
0.133145 0.463797
0.367435 0.763047
0.475516 0.567745
0.255422 0.102232
0.671490 0.189572
0.364700 0.543546
0.793912 0.436098
0.133764 0.272849
0.657009 0.502371
0.454459 0.013881
0.249593 0.655018
0.251088 0.494722
0.979458 0.728426
0.137977 0.619927
0.175661 0.032526
0.128339 0.805668
0.146990 0.974322
0.195933 0.758725
0.319211 0.352278
0.672012 0.600297
0.412402 0.799843
0.888797 0.611868
0.964914 0.468473
0.802254 0.413260
0.774833 0.707115
0.432492 0.365192
0.870907 0.746899
0.464467 0.932090
0.522797 0.589556
0.322969 0.755181
0.121224 0.479982
0.552880 0.300617
0.382022 0.386576
0.757295 0.794765
0.311464 0.388733
0.939028 0.818457
0.031690 0.833840
0.928836 0.037862
0.072500 0.334473
0.207682 0.882576
0.757996 0.283226
0.479338 0.748164
0.327006 0.296608
0.376571 0.092562
0.473123 0.672121
0.968575 0.170650
0.126446 0.915053
0.723024 0.664929
0.830991 0.611784
0.285825 0.049035
0.863034 0.060943
0.487475 0.633971
0.718358 0.352212
0.713236 0.530343
0.188670 0.120186
0.645035 0.133506
0.782469 0.187491
0.695422 0.861535
0.066643 0.963292
0.659325 0.903409
0.202481 0.129017
0.623958 0.024083
0.335645 0.913061
0.858960 0.411662
0.324513 0.151271
0.285643 1.007368
0.533139 1.008773
0.967191 1.003381
0.332373 1.009583
0.423394 1.002884
1.001169 0.751713
1.003315 0.644116
1.003915 0.045366
1.001084 0.511401
1.009649 0.302576
1.007274 0.434385
