0.443100 0.976463
0.839012 0.269476
0.271195 0.530974
0.693255 0.419949
0.604731 0.601994
0.382616 0.857878
0.207329 0.137495
0.866618 0.774954
0.763324 0.594768
0.316310 0.635042
0.748612 0.880131
0.383435 0.099847
0.743409 0.170808
0.766339 0.680152
0.218565 0.535020
0.612998 0.862393
0.027797 0.565773
0.091830 0.344310
0.766412 0.556934
0.146862 0.883563
0.068198 0.331340
0.026604 0.280635
0.206624 0.771095
0.093583 0.215647
0.087544 0.784712
0.591053 0.320737
0.626914 0.903350
0.258894 0.392276
0.196699 0.819600
0.056821 0.453866
0.247607 0.371578
0.158080 0.588915
0.555943 0.143859
0.979443 0.737110
0.106972 0.091773
0.527357 0.323041
0.479809 0.105218
0.976113 0.767664
0.887274 0.671996
0.821830 0.219021
0.808962 0.257967
0.748182 0.394353
0.011162 0.162952
0.171035 0.465852
0.379054 0.208877
0.137434 0.688860
0.663014 0.226171
0.348771 0.741514
0.101764 0.815327
0.389130 0.303674
0.853230 0.570833
0.350559 0.520577
0.315947 0.491663
0.444098 0.791408
0.546849 0.414565
0.229839 0.213808
0.806040 0.942141
0.250037 0.840995
0.015769 0.137948
0.846464 0.313689
0.550650 0.804245
0.018622 0.315119
0.450933 0.556904
0.244232 0.581819
