-0.007898 0.985979
0.816787 -0.000987
0.249130 0.345701
0.986380 0.623951
0.596264 0.577292
0.403034 0.545446
0.777425 0.470403
0.088387 0.933904
0.043598 0.648696
0.733023 0.093224
0.785547 0.924824
0.564250 0.454247
0.793536 0.283779
0.992102 0.985979
0.536180 0.894398
0.235551 0.478506
0.907567 0.663745
0.435754 0.853989
0.396035 0.468605
0.449999 0.323984
0.870819 0.883295
0.343010 0.953921
0.309728 0.931514
0.161898 0.952939
0.878519 0.507171
0.018244 0.778155
0.359457 0.848549
0.433062 0.605782
0.377580 0.721410
0.316173 0.949351
0.849746 0.775598
0.299517 0.872699
0.375083 0.798420
0.816787 0.999013
0.045089 0.236803
0.386435 0.122807
0.915262 0.182328
0.590777 0.812350
0.261161 0.985808
0.441257 0.225261
0.184719 0.698240
0.875195 0.768964
0.044184 0.344146
0.673185 0.056734
0.054571 0.564865
0.650946 0.237028
0.626916 0.530038
0.514284 0.701628
0.373691 0.614033
0.307287 0.092897
0.662921 0.028575
0.384545 0.072052
0.291918 0.213160
0.721997 0.705025
0.715120 0.361223
0.546470 0.357832
0.940956 0.444792
0.110819 0.865122
0.035555 0.223264
0.137963 0.302575
0.254192 0.731184
0.637686 0.975245
0.331082 0.420691
0.480426 0.909834
0.572125 0.424836
0.454418 0.951208
0.582946 0.391435
0.558078 0.986554
0.783623 0.088222
0.378498 0.769505
0.199408 0.353076
0.217679 0.003305
0.191625 0.450239
0.681829 0.468066
0.128376 0.803684
0.075973 0.123078
0.871057 0.685440
0.511908 0.616499
0.832547 0.010568
0.522007 0.383859
0.058756 0.714305
0.778116 0.716650
0.119850 0.323630
0.866184 0.675169
0.239316 0.028475
0.263856 0.748558
0.430818 0.950183
0.084484 0.016428
0.614610 0.213516
0.753660 0.712053
0.406530 0.242931
0.529312 0.792373
0.771542 0.372952
0.436001 0.986685
0.896192 0.735465
0.220711 0.069136
0.088590 0.262430
0.151458 0.364140
0.681044 0.102128
0.887078 0.467242
0.534878 0.081118
0.138554 0.032083
0.273420 0.760617
0.938730 0.015316
0.064294 0.667291
0.562792 0.236515
0.605184 0.314501
0.134871 0.928123
0.957911 0.989271
0.222674 0.367960
0.713168 0.029266
0.596404 0.347655
0.444995 0.146103
0.176703 0.582891
0.419112 0.302615
0.454971 0.403890
0.892284 0.420590
0.740937 0.267468
0.244247 0.165360
0.607166 0.615072
0.927510 0.958222
0.801808 0.612655
0.888404 0.518880
0.463331 0.246202
0.757983 0.594863
0.955331 0.498737
0.604601 0.713503
0.062977 0.182440
0.878018 0.785639
0.217679 1.003305
