-0.006816 0.480756
-0.007252 0.723565
-0.000551 0.605143
-0.001727 0.937898
-0.001024 0.377329
-0.001832 0.902474
-0.001644 0.195661
-0.008471 0.107493
0.849272 -0.008193
0.178829 -0.003576
0.742843 0.104522
0.520875 0.846632
0.843613 0.377747
0.272095 0.125304
0.691353 0.555131
0.008474 0.416032
0.439118 0.784361
0.829997 0.589606
0.142074 0.593313
0.726193 0.428380
0.210792 0.265384
0.993184 0.480756
0.827750 0.603238
0.817842 0.955547
0.650378 0.627647
0.646563 0.062133
0.938197 0.898716
0.694859 0.310406
0.343546 0.076229
0.519837 0.608777
0.727160 0.000074
0.169766 0.463291
0.361852 0.952066
0.932193 0.958069
0.206538 0.159701
0.571761 0.592919
0.393851 0.336886
0.128993 0.086936
0.548943 0.317733
0.992748 0.723565
0.572101 0.717227
0.976559 0.426991
0.913014 0.897311
0.835229 0.047958
0.359281 0.295754
0.629126 0.136184
0.374046 0.864782
0.250274 0.029506
0.999449 0.605143
0.244195 0.438195
0.735094 0.557989
0.438339 0.603542
0.180999 0.808786
0.819058 0.487236
0.755050 0.404373
0.725676 0.154009
0.509073 0.668036
0.152576 0.062696
0.337115 0.445944
0.757648 0.130534
0.901512 0.220338
0.378551 0.422756
0.972686 0.177016
0.882277 0.551257
0.321492 0.899846
0.542112 0.462889
0.807975 0.360818
0.971003 0.555517
0.769820 0.680121
0.205200 0.834623
0.865467 0.041521
0.614193 0.273280
0.746707 0.487872
0.792375 0.524463
0.597512 0.220030
0.851617 0.973690
0.623622 0.892279
0.980903 0.646979
0.798819 0.404874
0.482364 0.063892
0.802929 0.351071
0.849272 0.991807
0.484324 0.356365
0.054371 0.914077
0.704969 0.438084
0.968109 0.723821
0.656803 0.514772
0.877056 0.060174
0.471478 0.311017
0.194693 0.151050
0.901420 0.070658
0.958388 0.699890
0.853291 0.467288
0.836719 0.220625
0.805961 0.248579
0.998273 0.937898
0.553956 0.912697
0.635490 0.780096
0.567218 0.191762
0.906248 0.514856
0.998976 0.377329
0.206112 0.729947
0.313436 0.117581
0.888606 0.693123
0.939900 0.417167
0.815771 0.804843
0.360404 0.913814
0.288316 0.165002
0.455863 0.242817
0.661228 0.660336
0.680475 0.850650
0.037314 0.680775
0.571138 0.690215
0.895566 0.266862
0.068555 0.313601
0.789180 0.498340
0.437033 0.168406
0.264563 0.683882
0.816637 0.705521
0.461193 0.493353
0.273960 0.655103
0.407057 0.299963
0.605436 0.791173
0.970894 0.773384
0.599982 0.449069
0.153473 0.211233
0.700349 0.956182
0.635469 0.891271
0.216285 0.683544
0.315059 0.025387
0.820249 0.432669
0.088707 0.935084
0.390777 0.587932
0.239836 0.653565
0.366532 0.481250
0.267585 0.767843
0.240382 0.961277
0.923551 0.274247
0.223279 0.252124
0.246993 0.239576
0.428251 0.825926
0.617186 0.193874
0.808081 0.985634
0.148602 0.853031
0.238602 0.416941
0.322400 0.434039
0.327424 0.098969
0.671174 0.049359
0.200996 0.499137
0.275419 0.419604
0.596993 0.049145
0.886679 0.858299
0.085062 0.177417
0.013399 0.589985
0.707862 0.758923
0.213971 0.966167
0.178459 0.338263
0.880482 0.042721
0.355407 0.640739
0.790826 0.051151
0.296426 0.272142
0.913454 0.605467
0.502217 0.736600
0.112123 0.884490
0.162868 0.262326
0.028196 0.499949
0.480695 0.278529
0.590492 0.287416
0.919946 0.006064
0.564530 0.368692
0.371361 0.021194
0.765436 0.791339
0.246561 0.199807
0.366939 0.719572
0.125365 0.429894
0.016353 0.071020
0.710306 0.802948
0.910197 0.912124
0.062137 0.777544
0.742150 0.625929
0.729097 0.203014
0.794995 0.974571
0.420144 0.245721
0.480122 0.668972
0.852376 0.945323
0.128732 0.696645
0.080084 0.103563
0.131198 0.515055
0.481781 0.445883
0.668844 0.483338
0.332687 0.258802
0.973703 0.264360
0.320785 0.616283
0.006894 0.062934
0.920025 0.906164
0.831537 0.913675
0.679158 0.777059
0.693668 0.198856
0.452388 0.788887
0.001925 0.555578
0.433248 0.058416
0.441960 0.839594
0.618257 0.741594
0.935637 0.325310
0.745991 0.872898
0.433286 0.521560
0.652659 0.469011
0.183299 0.226002
0.411955 0.015292
0.750670 0.062123
0.431684 0.542779
0.610149 0.436234
0.081069 0.283957
0.073227 0.729978
0.346375 0.652205
0.481757 0.382594
0.370412 0.377442
0.481798 0.795620
0.691394 0.849790
0.512283 0.855033
0.465442 0.264849
0.629484 0.562734
0.541156 0.393311
0.420462 0.137122
0.292178 0.007323
0.932701 0.609259
0.891846 0.420825
0.400181 0.553934
0.596259 0.506279
0.587210 0.132822
0.761598 0.651143
0.351090 0.312596
0.274251 0.149531
0.334346 0.833034
0.233576 0.069241
0.494727 0.122151
0.402621 0.091214
0.720548 0.342343
0.566305 0.654512
0.652501 0.700857
0.301104 0.085464
0.633436 0.266435
0.894252 0.300269
0.715057 0.330352
0.364873 0.592348
0.949826 0.738729
0.337716 0.332799
0.077323 0.458301
0.657190 0.571954
0.402109 0.934701
0.030124 0.441097
0.700709 0.702993
0.746369 0.801436
0.336725 0.564093
0.855266 0.589159
0.683798 0.106338
0.501957 0.019167
0.442609 0.907175
0.044670 0.945191
0.180380 0.369908
0.205239 0.095586
0.432741 0.277561
0.100858 0.498920
0.239034 0.349601
0.558262 0.548067
0.421274 0.385500
0.380664 0.280728
0.179912 0.127284
0.015690 0.753088
0.504955 0.722110
0.761101 0.268949
0.193622 0.064149
0.425374 0.702147
0.043807 0.582149
0.278376 0.542194
0.443321 0.117205
0.379941 0.764833
0.918368 0.692699
0.970624 0.126165
0.646414 0.386850
0.356478 0.373040
0.115364 0.501210
0.816913 0.343507
0.575517 0.515464
0.355277 0.863349
0.344015 0.456881
0.238089 0.771163
0.273405 0.525002
0.531113 0.873384
0.937613 0.048717
0.978845 0.632326
0.072634 0.211824
0.359887 0.426681
0.758145 0.915751
0.629740 0.955909
0.755118 0.526111
0.850111 0.816031
0.132130 0.760724
0.617232 0.397647
0.841272 0.038320
0.096206 0.948102
0.396016 0.532262
0.903642 0.340035
0.663896 0.727361
0.223014 0.555454
0.455233 0.610265
0.543990 0.518356
0.286048 0.879016
0.936543 0.806209
0.969085 0.524235
0.112869 0.650234
0.190886 0.856936
0.942853 0.103447
0.296439 0.799034
0.441715 0.492521
0.029516 0.572643
0.572462 0.741691
0.076606 0.787166
0.193495 0.530928
0.924130 0.986056
0.975293 0.304769
0.753638 0.206355
0.861381 0.657844
0.102206 0.580465
0.963488 0.844873
0.753107 0.703050
0.246624 0.039941
0.462113 0.117374
0.161620 0.419756
0.666115 0.973154
0.930693 0.166662
0.789250 0.102965
0.883623 0.522238
0.974126 0.756104
0.136138 0.665889
0.830441 0.673621
0.139459 0.378827
0.678363 0.515925
0.866911 0.373755
0.738824 0.372068
0.380516 0.302174
0.294525 0.259814
0.463475 0.987852
0.385076 0.943234
0.167001 0.925004
0.754337 0.856599
0.602387 0.107367
0.455472 0.654590
0.057533 0.021263
0.289802 0.931479
0.514019 0.875298
0.378100 0.884512
0.534774 0.892603
0.102763 0.212046
0.701606 0.361351
0.320143 0.393345
0.181251 0.209377
0.593725 0.594466
0.056217 0.201724
0.508252 0.759215
0.146052 0.931073
0.421948 0.056499
0.674200 0.279809
0.780087 0.962841
0.688245 0.498423
0.099032 0.287751
0.538112 0.011330
0.282843 0.589571
0.172048 0.170098
0.676343 0.569594
0.551671 0.967441
0.628422 0.324550
0.521016 0.864937
0.347397 0.749410
0.939413 0.668082
0.595156 0.336407
0.959551 0.442075
0.961996 0.676384
0.939877 0.833758
0.155241 0.830432
0.464140 0.298688
0.523305 0.831630
0.539132 0.259832
0.354038 0.186738
0.009500 0.309025
0.836747 0.281337
0.781343 0.531514
0.153915 0.525254
0.283240 0.714866
0.734389 0.449636
0.272772 0.635644
0.806188 0.667877
0.286589 0.142442
0.245875 0.691897
0.071747 0.498661
0.985998 0.904901
0.575208 0.766517
0.581868 0.618872
0.814240 0.015987
0.214353 0.987867
0.817337 0.632082
0.682147 0.808217
0.279662 0.664969
0.029324 0.544380
0.187608 0.931461
0.976352 0.331204
0.623709 0.527061
0.459082 0.358566
0.334270 0.083195
0.390402 0.239344
0.486272 0.700094
0.137270 0.826467
0.930053 0.828731
0.456401 0.418462
0.034296 0.926848
0.043380 0.476060
0.998168 0.902474
0.014755 0.780515
0.823090 0.874418
0.998356 0.195661
0.869969 0.307492
0.411236 0.816340
0.091217 0.667498
0.731308 0.300818
0.337997 0.734322
0.985457 0.698771
0.089932 0.470738
0.635363 0.525269
0.141339 0.275515
0.987103 0.794998
0.933335 0.348373
0.355424 0.438373
0.908778 0.833590
0.391384 0.733979
0.290660 0.292137
0.296796 0.024842
0.234278 0.497353
0.790582 0.380233
0.218583 0.722665
0.772833 0.693283
0.619675 0.762303
0.511480 0.329405
0.001344 0.580644
0.171838 0.194907
0.150322 0.505420
0.017387 0.471208
0.046077 0.442265
0.163559 0.572100
0.818320 0.085342
0.232836 0.246046
0.351934 0.409084
0.114243 0.407215
0.675931 0.543024
0.357130 0.661593
0.678703 0.131560
0.439620 0.937196
0.570224 0.577639
0.764602 0.246952
0.693855 0.294863
0.570701 0.634804
0.398891 0.248884
0.935332 0.448902
0.531784 0.634839
0.668120 0.439013
0.172989 0.694384
0.924926 0.370606
0.482942 0.629818
0.113116 0.107892
0.633814 0.929669
0.949764 0.010364
0.167828 0.755272
0.517917 0.942858
0.741206 0.701079
0.964121 0.981917
0.058626 0.820995
0.179522 0.034931
0.771327 0.540526
0.331540 0.578217
0.854507 0.642375
0.420104 0.545913
0.942632 0.641570
0.829063 0.388762
0.168412 0.740118
0.872796 0.355525
0.178829 0.996424
0.959128 0.155996
0.928936 0.424574
0.223084 0.136395
0.260176 0.544465
0.082208 0.598127
0.029186 0.454909
0.332499 0.943673
0.303102 0.428224
0.661034 0.381088
0.136171 0.096627
0.305162 0.823884
0.627253 0.205933
0.980185 0.437774
0.835196 0.539180
0.025127 0.006824
0.786086 0.447393
0.288737 0.863180
0.656228 0.284694
0.644566 0.263581
0.537542 0.926407
0.749121 0.147735
0.002888 0.127014
0.916921 0.672122
0.113790 0.960227
0.361313 0.470000
0.058780 0.330012
0.264520 0.245918
0.947676 0.032442
0.906151 0.368498
0.662540 0.953625
0.094128 0.685316
0.412440 0.111789
0.491835 0.461552
0.877058 0.660239
0.645415 0.897224
0.882337 0.335172
0.427002 0.803765
0.923094 0.866724
0.499650 0.584483
0.374360 0.259408
0.830481 0.070177
0.281030 0.555045
0.618967 0.409787
0.258428 0.416746
0.382056 0.096334
0.131284 0.609898
0.656194 0.840995
0.499818 0.307198
0.169764 0.048765
0.225817 0.366971
0.778776 0.590242
0.072019 0.365846
0.287303 0.741438
0.066987 0.757166
0.240713 0.230910
0.011988 0.132475
0.209387 0.214183
0.905794 0.277773
0.097102 0.782822
0.667521 0.612673
0.343792 0.690339
0.233559 0.308029
0.357301 0.216698
0.677280 0.736015
0.010019 0.355914
0.239955 0.927609
0.762987 0.379387
0.685956 0.698873
0.590398 0.962056
0.094138 0.886009
0.257495 0.463507
0.330798 0.756773
0.802849 0.803118
0.876637 0.087474
0.667914 0.502422
0.335562 0.588561
0.351933 0.206718
0.262155 0.098649
0.150063 0.321019
0.594389 0.153738
0.062626 0.007782
0.120503 0.719253
0.161854 0.120160
0.681152 0.144827
0.057828 0.134942
0.014780 0.189117
0.070862 0.037860
0.307870 0.515736
0.439600 0.151440
0.778051 0.741173
0.292830 0.406851
0.430237 0.871262
0.707250 0.014297
0.024584 0.236994
0.598265 0.926198
0.099138 0.715151
0.721638 0.782471
0.800350 0.466788
0.279140 0.044721
0.787551 0.899124
0.775684 0.837450
0.344421 0.191193
0.021463 0.293279
0.348221 0.537150
0.124314 0.192738
0.488620 0.407010
0.807136 0.913665
0.765108 0.334212
0.719338 0.033593
0.615624 0.112185
0.050602 0.055210
0.026220 0.955436
0.525214 0.756254
0.589818 0.738906
0.319417 0.848130
0.381783 0.718809
0.585000 0.298828
0.409563 0.586090
0.315622 0.147358
0.991529 0.107493
0.334257 0.037959
0.989161 0.543456
0.215496 0.485307
0.219501 0.936873
0.277625 0.953104
0.021606 0.341013
0.969253 0.190045
0.164620 0.507031
0.508238 0.051478
0.695998 0.016475
0.152540 0.899539
0.046376 0.029327
0.574444 0.340404
0.219301 0.903991
0.683088 0.371648
0.401118 0.204970
0.237699 0.884361
0.921243 0.781649
0.241916 0.583596
0.201856 0.127068
0.687669 0.910739
0.750940 0.822909
0.225121 0.386746
0.418688 0.935786
0.105555 0.531289
0.197763 0.408387
0.362605 0.161901
0.893525 0.440476
0.670310 0.210427
0.471146 0.049914
0.495932 0.269721
0.684174 0.747996
0.732246 0.611622
0.581230 0.070604
0.374246 0.033590
0.406143 0.657958
0.575241 0.975956
0.569458 0.021100
0.512274 0.407552
0.219837 0.230461
0.438550 0.919894
0.319038 0.284335
0.727160 1.000074
0.919946 1.006064
0.292178 1.007323
0.025127 1.006824
0.062626 1.007782
1.008474 0.416032
1.006894 0.062934
1.001925 0.555578
1.009500 0.309025
1.001344 0.580644
1.002888 0.127014
