-0.001063 0.727581
0.073534 -0.007262
0.607055 0.709711
0.890528 0.602642
0.862453 0.675957
0.784999 0.536648
0.438725 0.558291
0.385129 0.646859
0.585674 0.766331
0.174635 0.503115
0.382675 0.977198
0.936084 0.892737
0.443530 0.751527
0.909403 0.373318
0.116291 0.525121
0.341125 0.849403
0.186232 0.208745
0.530431 0.084285
0.240770 0.634553
0.111076 0.607345
0.889758 0.490686
0.313508 0.762140
0.954526 0.645884
0.485320 0.438182
0.186382 0.443134
0.488120 0.861131
0.716456 0.620333
0.089774 0.111761
0.575589 0.461657
0.545449 0.038012
0.579286 0.628978
0.481927 0.160527
0.754379 0.793496
0.291369 0.507608
0.237992 0.192685
0.808697 0.066673
0.195862 0.974782
0.575090 0.583214
0.950022 0.100039
0.878734 0.891451
0.214037 0.166952
0.646125 0.180344
0.116550 0.365334
0.402375 0.089810
0.683768 0.546894
0.985959 0.212750
0.918991 0.665162
0.743478 0.378457
0.474768 0.106262
0.883784 0.445103
0.668228 0.728216
0.285643 0.593687
0.370530 0.795638
0.073534 0.992738
0.776029 0.007370
0.888948 0.864125
0.697594 0.884992
0.465645 0.371558
0.869830 0.000070
0.679977 0.654880
0.411813 0.476368
0.388271 0.452057
0.026760 0.425286
0.105805 0.043111
0.556122 0.611287
0.738832 0.256919
0.726259 0.713253
0.503765 0.892770
0.779385 0.494860
0.761507 0.667045
0.978112 0.117071
0.869323 0.567855
0.120151 0.970329
0.839967 0.062317
0.278073 0.409630
0.626809 0.919103
0.415152 0.711500
0.970875 0.435472
0.635382 0.901555
0.871584 0.142716
0.200598 0.620928
0.775029 0.246811
0.369452 0.341097
0.456390 0.170824
0.745606 0.097978
0.890269 0.082094
0.781523 0.848678
0.450877 0.605325
0.354470 0.759095
0.589441 0.611570
0.843171 0.456988
0.622851 0.562165
0.721661 0.546770
0.784441 0.446353
0.911908 0.086587
0.998937 0.727581
0.558407 0.142824
0.837637 0.725247
0.417380 0.273171
0.314708 0.581696
0.689358 0.863868
0.210859 0.506752
0.425050 0.239700
0.385880 0.318054
0.480925 0.278506
0.158036 0.395408
0.285456 0.243051
0.642520 0.956924
0.186336 0.909517
0.568740 0.193516
0.704238 0.651579
0.331897 0.521569
0.024763 0.022273
0.798524 0.107812
0.688807 0.775026
0.791494 0.709469
0.946538 0.298020
0.656088 0.945349
0.224637 0.981518
0.170622 0.941060
0.956960 0.175015
0.054310 0.268208
0.546010 0.775186
0.603759 0.316096
0.433353 0.842779
0.626133 0.272548
0.514534 0.888401
0.174296 0.820068
0.181192 0.097264
0.031315 0.010176
0.967447 0.888038
0.049685 0.670207
0.976621 0.220266
0.084059 0.358865
0.733183 0.602144
0.451371 0.912804
0.003177 0.510080
0.144461 0.504650
0.568215 0.642170
0.206934 0.340187
0.327474 0.614965
0.591190 0.687924
0.166438 0.652227
0.768638 0.395766
0.396264 0.692120
0.237673 0.948883
0.135752 0.511515
0.041431 0.312410
0.321770 0.948322
0.207341 0.489343
0.444675 0.820848
0.017480 0.788515
0.513850 0.445624
0.491365 0.659889
0.505370 0.741860
0.943850 0.799325
0.437726 0.090313
0.933568 0.378376
0.758922 0.803793
0.804236 0.595794
0.324987 0.748348
0.476472 0.515591
0.480095 0.424017
0.176018 0.280557
0.877671 0.873855
0.489587 0.606282
0.717687 0.140023
0.583054 0.195000
0.063338 0.063902
0.939866 0.520184
0.150116 0.646592
0.583782 0.312334
0.672144 0.397056
0.219516 0.240821
0.386376 0.033501
0.346723 0.552042
0.558440 0.066815
0.581940 0.475858
0.661935 0.786098
0.190028 0.961509
0.535061 0.914518
0.645664 0.153469
0.052182 0.015051
0.196363 0.527712
0.147672 0.073134
0.554839 0.981283
0.162861 0.156598
0.163671 0.078490
0.718401 0.446265
0.510119 0.605144
0.883071 0.121916
0.290255 0.062342
0.185087 0.768677
0.897677 0.518272
0.844632 0.228757
0.428373 0.368291
0.696048 0.944381
0.217886 0.753004
0.519839 0.760075
0.880870 0.237478
0.939694 0.027152
0.561514 0.890452
0.166991 0.425243
0.326896 0.567591
0.826987 0.391682
0.621351 0.965152
0.828471 0.813402
0.819551 0.681018
0.330059 0.034692
0.120189 0.283713
0.838236 0.901353
0.449947 0.988536
0.033789 0.859450
0.528557 0.975459
0.877222 0.161335
0.353375 0.058007
0.444116 0.441094
0.326701 0.914398
0.494556 0.710237
0.664641 0.831781
0.258035 0.769241
0.410567 0.055657
0.870649 0.972300
0.116976 0.508313
0.755566 0.109987
0.033864 0.441098
0.940153 0.933120
0.983758 0.693036
0.702475 0.371312
0.064106 0.443452
0.542987 0.540162
0.786284 0.601409
0.947014 0.631218
0.813548 0.977604
0.231243 0.912736
0.685790 0.796719
0.529627 0.754639
0.503554 0.907040
0.123610 0.852225
0.175046 0.764166
0.364040 0.401945
0.730075 0.955128
0.878799 0.609732
0.967766 0.634138
0.777265 0.898504
0.226566 0.101267
0.828259 0.424470
0.727096 0.936748
0.296532 0.312200
0.549696 0.552582
0.640400 0.596649
0.369055 0.080265
0.909304 0.790787
0.135146 0.550339
0.822281 0.911402
0.147205 0.304862
0.549174 0.878217
0.776029 1.007370
0.869830 1.000070
1.003177 0.510080
