-0.008882 0.122726
0.517214 -0.001001
0.808685 -0.007622
0.649761 0.078808
0.811017 0.585452
0.749183 0.650588
0.971564 0.977758
0.701186 0.121607
0.815232 0.733095
0.931868 0.097548
0.763445 0.382258
0.490998 0.561705
0.114236 0.090775
0.547688 0.095003
0.147605 0.895588
0.261381 0.851907
0.037940 0.532926
0.725970 0.006507
0.782429 0.414173
0.189786 0.668883
0.937223 0.299499
0.911074 0.369695
0.532627 0.615004
0.427578 0.129275
0.653027 0.769810
0.318705 0.593507
0.872809 0.917365
0.294104 0.588649
0.413959 0.568421
0.762430 0.596408
0.409804 0.912570
0.163175 0.149189
0.605704 0.820674
0.382639 0.489341
0.260687 0.211519
0.583593 0.809073
0.433083 0.501171
0.675243 0.760137
0.517352 0.642344
0.112401 0.209520
0.483935 0.628591
0.867863 0.171921
0.701071 0.550717
0.933528 0.590040
0.940020 0.877631
0.371444 0.444912
0.225087 0.493050
0.825564 0.163584
0.911542 0.854298
0.084178 0.939728
0.957402 0.946431
0.324601 0.200101
0.344353 0.781359
0.865359 0.958613
0.238216 0.820751
0.757460 0.347721
0.480360 0.964480
0.082551 0.671494
0.395744 0.392690
0.987660 0.518446
0.657579 0.122391
0.626620 0.107177
0.037169 0.553693
0.166429 0.788932
0.135872 0.782313
0.418996 0.315818
0.391943 0.900294
0.663898 0.810548
0.865644 0.901434
0.941495 0.650723
0.383542 0.938327
0.221689 0.763276
0.900416 0.489106
0.359207 0.221374
0.227025 0.250441
0.517198 0.178565
0.651808 0.152144
0.418341 0.766767
0.265070 0.247854
0.770286 0.515639
0.946744 0.480124
0.334666 0.744611
0.613858 0.620089
0.610891 0.699511
0.614084 0.743087
0.659204 0.962484
0.505698 0.160871
0.415327 0.411110
0.132222 0.303706
0.674805 0.100343
0.908181 0.879003
0.114430 0.687388
0.452892 0.843736
0.537489 0.489682
0.302921 0.946518
0.075353 0.338139
0.517214 0.998999
0.161218 0.171265
0.158692 0.277293
0.730733 0.664888
0.160246 0.028599
0.927459 0.744473
0.602956 0.359628
0.623227 0.403859
0.648574 0.560980
0.195369 0.082516
0.727700 0.521446
0.516722 0.025599
0.464682 0.498249
0.247768 0.838625
0.932092 0.986691
0.658207 0.244930
0.057087 0.086333
0.192317 0.239916
0.770642 0.000994
0.049765 0.815993
0.135238 0.320040
0.204997 0.177649
0.183178 0.957707
0.560229 0.773681
0.845736 0.477689
0.024397 0.324845
0.209800 0.866646
0.369534 0.323553
0.548372 0.210316
0.103387 0.272440
0.388580 0.705221
0.429550 0.593881
0.311938 0.727711
0.344316 0.973648
0.412914 0.479591
0.642070 0.771636
0.259653 0.182361
0.978042 0.799593
0.326077 0.333021
0.206355 0.680966
0.196593 0.277294
0.635944 0.101983
0.080684 0.742708
0.334941 0.616250
0.475182 0.749412
0.626708 0.300558
0.929988 0.489856
0.110667 0.816417
0.905263 0.632350
0.340090 0.547929
0.081994 0.348695
0.924808 0.845981
0.195356 0.810373
0.274381 0.641305
0.555176 0.566087
0.857677 0.100851
0.875812 0.729506
0.442962 0.207017
0.155384 0.729222
0.298434 0.564971
0.555411 0.712681
0.986874 0.484614
0.746326 0.533083
0.991118 0.122726
0.951606 0.132358
0.120950 0.913697
0.948391 0.664401
0.560719 0.157235
0.696642 0.412243
0.584161 0.988528
0.017587 0.621805
0.140601 0.803638
0.256919 0.073971
0.272371 0.509949
0.274778 0.751942
0.978500 0.573348
0.479438 0.118816
0.550471 0.699858
0.707422 0.241959
0.440694 0.668297
0.167204 0.240046
0.385329 0.320671
0.268445 0.578074
0.292130 0.918340
0.114386 0.474363
0.799147 0.825830
0.373904 0.291601
0.374562 0.986730
0.433303 0.815434
0.064260 0.427756
0.019945 0.381522
0.883424 0.486554
0.764060 0.670836
0.808685 0.992378
0.829611 0.207346
0.875211 0.132545
0.387054 0.135531
0.971518 0.076893
0.772686 0.772553
0.315079 0.408869
0.552582 0.434972
0.117924 0.764703
0.661832 0.859494
0.934465 0.469831
0.823892 0.089338
0.299632 0.079201
0.349164 0.809232
0.700243 0.975506
0.135193 0.058124
0.613356 0.830252
0.972236 0.263027
0.972675 0.550614
0.445332 0.898442
0.502367 0.918916
0.932712 0.114947
0.765809 0.130634
0.979465 0.671766
0.877025 0.054118
0.491370 0.487971
0.581804 0.911627
0.753654 0.885924
0.174586 0.073950
0.328674 0.660822
0.480162 0.211619
0.831131 0.220908
0.225986 0.741838
0.892221 0.721550
0.411032 0.715553
0.941583 0.935408
0.566644 0.035342
0.060221 0.188487
0.376143 0.568675
0.669032 0.904986
0.779430 0.886109
0.001606 0.173944
0.633862 0.818037
0.449098 0.808926
0.028704 0.035029
0.383493 0.306742
0.319732 0.230530
0.041079 0.711928
0.643612 0.954067
0.661807 0.281606
0.778931 0.073929
0.289664 0.331322
0.203542 0.586212
0.690914 0.296912
0.499545 0.403325
0.626382 0.652660
0.064413 0.627642
0.489337 0.011619
0.800290 0.706360
0.233991 0.405175
0.704176 0.295170
0.882003 0.063538
0.623685 0.596655
0.790452 0.599511
0.847338 0.158523
0.877101 0.117569
0.757527 0.493495
0.228911 0.509994
0.145322 0.084089
0.725970 1.006507
0.770642 1.000994
1.001606 0.173944
