-0.006081 0.606339
0.625427 0.370417
0.094722 0.742243
0.701715 0.360897
0.762969 0.710781
0.598949 0.319144
0.561600 0.215872
0.157546 0.527535
0.309273 0.607502
0.481271 0.565840
0.141260 0.469500
0.407103 0.446532
0.693939 0.245848
0.232893 0.126622
0.551058 0.547776
0.097336 0.320626
0.170678 0.853498
0.354472 0.530657
0.340342 0.893339
0.116115 0.838365
0.276024 0.242963
0.348204 0.162310
0.811153 0.068584
0.735234 0.759388
0.062837 0.796942
0.095009 0.029975
0.901613 0.738673
0.096220 0.586282
0.375119 0.775219
0.829339 0.853104
0.465395 0.436221
0.624491 0.911454
0.770977 0.871704
0.164040 0.890438
0.410372 0.641230
0.911655 0.156550
0.154199 0.727402
0.542100 0.128147
0.833992 0.530617
0.802049 0.082740
0.224642 0.852400
0.625255 0.708803
0.114560 0.923929
0.788139 0.662635
0.086889 0.819619
0.913297 0.607307
0.222747 0.691582
0.703014 0.949559
0.042249 0.115156
0.641023 0.777521
0.048071 0.684103
0.425177 0.767575
0.361507 0.198627
0.904196 0.105818
0.574339 0.242353
0.721229 0.623473
0.455078 0.783286
0.337683 0.152180
0.623935 0.276582
0.015973 0.973032
0.114281 0.228732
0.111459 0.973491
0.153779 0.694902
0.122845 0.718026
0.232137 0.216340
0.716537 0.787573
0.406855 0.809573
0.061316 0.182432
0.275155 0.953785
0.159466 0.359012
0.331436 0.821911
0.383188 0.941032
0.377142 0.381030
0.669387 0.125912
0.416635 0.126345
0.508597 0.905632
0.700417 0.532243
0.619968 0.117456
0.135139 0.416023
0.711040 0.710566
0.609414 0.759560
0.584463 0.391827
0.993919 0.606339
0.927006 0.876344
0.088238 0.282833
0.054229 0.150243
0.749900 0.399919
0.699506 0.087790
0.663085 0.388027
0.434635 0.794604
0.300597 0.385214
0.878944 0.904168
0.785362 0.309583
0.016397 0.165233
0.256228 0.474407
0.382141 0.034929
0.828778 0.939937
0.834522 0.163801
0.188157 0.357930
0.674173 0.929999
0.154619 0.933933
0.813771 0.171241
0.575562 0.067773
0.972895 0.233260
0.887573 0.650548
0.399839 0.415351
0.152186 0.024986
0.082195 0.156212
0.976289 0.167609
0.727804 0.220623
0.256293 0.497801
0.003234 0.043035
0.584524 0.879392
0.206185 0.965402
0.519033 0.656221
0.197566 0.091936
0.450332 0.299240
0.540781 0.621126
0.294265 0.330087
0.000049 0.086617
0.955298 0.186612
0.696833 0.672380
0.384620 0.769562
0.258190 0.210675
0.788005 0.858695
0.299875 0.824545
0.500871 0.334428
0.146560 0.262774
1.003234 0.043035
1.000049 0.086617
