0.522495 -0.006295
0.706917 -0.000508
0.817761 0.260728
0.594356 0.022513
0.425259 0.312719
0.161485 0.178766
0.422886 0.094229
0.598524 0.470924
0.695949 0.699888
0.638531 0.033604
0.068806 0.319600
0.530864 0.654446
0.407619 0.819981
0.718359 0.968649
0.531334 0.325146
0.105629 0.610959
0.778802 0.423453
0.090823 0.266471
0.153657 0.281005
0.440085 0.527143
0.457424 0.875372
0.518052 0.943623
0.637709 0.957694
0.240707 0.676122
0.289065 0.671808
0.695140 0.067993
0.254790 0.224040
0.667833 0.844392
0.344462 0.780520
0.675332 0.006715
0.602170 0.386771
0.915991 0.001151
0.462449 0.424349
0.460916 0.770160
0.322472 0.784739
0.471357 0.035763
0.175874 0.721758
0.473486 0.152721
0.341125 0.607389
0.191745 0.738427
0.242850 0.917424
0.269062 0.765500
0.188662 0.287498
0.091113 0.576209
0.683363 0.546593
0.425729 0.644443
0.647618 0.679017
0.635787 0.945174
0.208935 0.709282
0.236231 0.119396
0.607304 0.450138
0.458725 0.661945
0.770286 0.350218
0.662010 0.416159
0.841929 0.832917
0.256441 0.613461
0.582249 0.540739
0.869941 0.264779
0.318074 0.119215
0.939829 0.645552
0.479463 0.639317
0.544716 0.647311
0.543886 0.721047
0.522495 0.993705
0.218677 0.105798
0.109697 0.063591
0.404580 0.448373
0.365816 0.763505
0.627896 0.771980
0.932854 0.972741
0.192028 0.138874
0.696266 0.093820
0.525404 0.530344
0.861140 0.484853
0.393456 0.671431
0.741258 0.520052
0.347713 0.149997
0.586092 0.262145
0.044454 0.754933
0.242785 0.442402
0.687796 0.359228
0.736340 0.394707
0.683416 0.704047
0.442305 0.019578
0.330858 0.424309
0.270270 0.197054
0.821721 0.429921
0.887771 0.391183
0.769114 0.396792
0.808514 0.755077
0.377396 0.216019
0.790407 0.949304
0.327565 0.671264
0.438645 0.833501
0.768854 0.167254
0.861980 0.989872
0.514423 0.884281
0.588026 0.154752
0.199863 0.406955
0.748706 0.825584
0.789963 0.318524
0.534064 0.089951
0.111706 0.136293
0.678652 0.495177
0.189710 0.495006
0.147608 0.054974
0.850713 0.560560
0.929609 0.696667
0.582791 0.815397
0.879014 0.988912
0.000522 0.865439
0.612566 0.989950
0.527680 0.479523
0.801348 0.227843
0.498094 0.900852
0.574661 0.845178
0.738640 0.585987
0.246735 0.666416
0.083483 0.625960
0.660945 0.729752
0.890752 0.982303
0.769029 0.581446
0.928313 0.580090
0.016983 0.120860
0.844856 0.209405
0.552291 0.629883
0.031991 0.614713
0.362411 0.049533
0.489570 0.192510
0.123084 0.205494
0.146515 0.189072
0.042652 0.635198
0.281867 0.538597
0.695163 0.499116
0.535801 0.445183
0.123932 0.490357
0.852998 0.873927
0.270294 0.208461
0.564980 0.640312
0.417029 0.205976
0.947933 0.082071
0.166460 0.620959
0.573710 0.052078
0.931201 0.728662
0.737842 0.063405
0.860441 0.934405
0.984398 0.858939
0.785559 0.513377
0.177602 0.398589
0.133931 0.030890
0.939142 0.301306
0.295534 0.332936
0.467068 0.648198
0.025228 0.842207
0.559033 0.854100
0.347879 0.446027
0.054239 0.177108
0.662808 0.330829
0.898486 0.118155
0.988418 0.539982
0.706917 0.999492
0.287849 0.414523
0.818204 0.100222
0.178117 0.359635
0.056705 0.521886
0.335849 0.175669
0.208947 0.905154
0.675391 0.468468
0.912132 0.104012
0.745546 0.736267
0.561861 0.184194
0.597211 0.299937
0.134123 0.212602
0.894942 0.071453
0.242487 0.053754
0.897191 0.196658
0.093371 0.307367
0.456058 0.101669
0.297347 0.062045
0.298244 0.046351
0.505428 0.761426
0.631070 0.089892
0.080862 0.777241
0.905135 0.533772
0.109154 0.825809
0.338098 0.293973
0.746313 0.010337
0.048447 0.667916
0.603468 0.526102
0.729709 0.707253
0.781377 0.287977
0.692532 0.556670
0.396521 0.061591
0.780176 0.337584
0.607866 0.741254
0.104813 0.127888
0.549540 0.485229
0.890476 0.798960
0.734341 0.051332
0.072885 0.088527
0.683716 0.132083
0.722725 0.110353
0.117493 0.640718
0.328814 0.653812
0.749131 0.583186
0.740032 0.234827
0.734958 0.970599
0.866930 0.086235
0.366437 0.369199
0.685028 0.597942
0.789364 0.367653
0.206028 0.086667
0.771934 0.205675
0.388272 0.551779
0.228953 0.641941
0.484480 0.151846
0.781932 0.100606
0.294066 0.237373
0.405315 0.104846
0.112284 0.784428
0.291570 0.603533
0.964423 0.432485
0.694752 0.758099
0.432642 0.655498
0.109755 0.933760
0.187461 0.266179
0.797830 0.487604
0.272939 0.037235
0.673295 0.429564
0.451739 0.609857
0.772722 0.696433
0.125332 0.130151
0.092352 0.007820
0.722923 0.531209
0.108818 0.631766
0.098594 0.142027
0.168251 0.196249
0.317480 0.316429
0.217563 0.251042
0.892922 0.703223
0.212031 0.077347
0.913800 0.706715
0.557789 0.313429
0.987935 0.170432
0.257792 0.396799
0.073995 0.684096
0.402388 0.982835
0.402184 0.620672
0.154370 0.381345
0.161134 0.758112
0.871111 0.350777
0.685536 0.294149
0.530629 0.832423
0.597490 0.335311
0.299225 0.452593
0.422646 0.359606
0.558319 0.742545
0.675332 1.006715
0.915991 1.001151
0.092352 1.007820
1.000522 0.865439
