-0.001547 0.969911
0.950512 -0.003112
0.495747 -0.008579
0.690597 -0.007308
0.478514 -0.006887
0.319934 -0.008114
0.122042 0.353663
0.231771 0.560725
0.573309 0.302769
0.773449 0.013865
0.267161 0.932078
0.838306 0.022883
0.965607 0.397913
0.515229 0.731655
0.553231 0.983242
0.534354 0.641311
0.336625 0.982334
0.886031 0.106710
0.620319 0.871125
0.588828 0.765590
0.747788 0.126251
0.636740 0.903567
0.333756 0.490888
0.225384 0.764011
0.404792 0.960108
0.612395 0.353583
0.208463 0.076715
0.585291 0.263760
0.583717 0.036906
0.896514 0.175271
0.720940 0.118599
0.476791 0.742697
0.957403 0.243036
0.628839 0.746148
0.852528 0.670857
0.968776 0.002866
0.079964 0.567705
0.337405 0.607000
0.124434 0.581614
0.868004 0.130700
0.363704 0.089057
0.182737 0.612702
0.926602 0.738208
0.552925 0.360648
0.025072 0.672116
0.677363 0.378475
0.434442 0.532949
0.051928 0.231414
0.426072 0.142783
0.988125 0.848091
0.928071 0.872468
0.394604 0.377015
0.025739 0.774744
0.352195 0.198064
0.689376 0.212043
0.111490 0.942470
0.855164 0.862779
0.125874 0.229491
0.844391 0.806825
0.276474 0.311238
0.380604 0.418477
0.065933 0.947149
0.790257 0.652143
0.975280 0.130745
0.515836 0.531822
0.131869 0.644133
0.407307 0.691721
0.695269 0.301760
0.832079 0.770458
0.986868 0.612175
0.365638 0.150739
0.975700 0.706264
0.766586 0.177362
0.240518 0.904488
0.733798 0.874674
0.267735 0.851825
0.828338 0.879550
0.053751 0.251030
0.853770 0.952942
0.131588 0.300879
0.051909 0.546442
0.436695 0.196771
0.204636 0.090150
0.651350 0.595724
0.942288 0.640203
0.449175 0.376823
0.008790 0.216686
0.443192 0.339368
0.140141 0.088411
0.003731 0.797665
0.293663 0.711352
0.443497 0.296089
0.262062 0.275242
0.073701 0.792192
0.300425 0.050337
0.336092 0.862364
0.151861 0.309546
0.530871 0.539323
0.794498 0.060768
0.842683 0.931039
0.759259 0.118356
0.376688 0.656218
0.846684 0.778509
0.698830 0.478729
0.392182 0.549188
0.595028 0.059621
0.919210 0.482581
0.073583 0.342805
0.540716 0.605088
0.776785 0.661482
0.655713 0.577820
0.287446 0.777320
0.521644 0.470604
0.123603 0.841853
0.155352 0.766640
0.048018 0.763590
0.350508 0.459881
0.048536 0.293304
0.745346 0.926029
0.752651 0.145213
0.346983 0.893750
0.141770 0.851188
0.477535 0.926000
0.541409 0.528101
0.842076 0.179646
0.276169 0.156309
0.784109 0.613586
0.631053 0.731303
0.118358 0.973976
0.124467 0.901713
0.079207 0.874109
0.604860 0.847550
0.715178 0.959884
0.193623 0.075144
0.084132 0.961059
0.965241 0.932282
0.686907 0.138293
0.647750 0.407493
0.703503 0.224709
0.818112 0.685841
0.395170 0.891402
0.382263 0.445986
0.872385 0.885029
0.207788 0.795843
0.691430 0.620176
0.404717 0.146061
0.172979 0.260139
0.956673 0.608925
0.608559 0.250579
0.785001 0.011285
0.901492 0.385267
0.767316 0.888130
0.963996 0.560735
0.849555 0.851781
0.723876 0.945934
0.696686 0.067211
0.290057 0.197185
0.157381 0.296113
0.257478 0.216348
0.526026 0.320890
0.284681 0.076490
0.885090 0.137596
0.666252 0.001270
0.890024 0.498328
0.937377 0.016957
0.697272 0.778320
0.652488 0.551584
0.517398 0.404963
0.540615 0.273652
0.155228 0.882463
0.187970 0.435804
0.363054 0.881024
0.589547 0.406781
0.030944 0.432383
0.413212 0.885450
0.226750 0.974680
0.509849 0.821521
0.203635 0.191931
0.889821 0.732504
0.752261 0.403901
0.721783 0.416836
0.986591 0.539053
0.423707 0.070978
0.845702 0.657471
0.367304 0.699711
0.273577 0.144950
0.304750 0.111916
0.983206 0.810816
0.467765 0.380410
0.692456 0.104777
0.028393 0.199129
0.263503 0.987383
0.206642 0.053522
0.086143 0.358084
0.132812 0.186358
0.950512 0.996888
0.950536 0.959412
0.226754 0.260475
0.383672 0.875622
0.959102 0.630670
0.278622 0.093016
0.202281 0.743577
0.681693 0.529430
0.837446 0.466297
0.322374 0.587255
0.639543 0.017487
0.036738 0.055137
0.063984 0.071373
0.964775 0.083156
0.455265 0.956196
0.508636 0.210308
0.998453 0.969911
0.673148 0.076506
0.505710 0.950160
0.577561 0.439446
0.602004 0.214546
0.672567 0.323858
0.634143 0.355581
0.152582 0.084486
0.738799 0.837413
0.367474 0.127048
0.073328 0.892217
0.487062 0.796428
0.308605 0.508593
0.807122 0.750313
0.861751 0.553295
0.795643 0.949861
0.745838 0.061983
0.190352 0.746451
0.317272 0.733974
0.815520 0.415412
0.446648 0.576177
0.762675 0.618940
0.314783 0.801594
0.763227 0.245735
0.507473 0.147019
0.129699 0.660655
0.073231 0.201564
0.850747 0.595795
0.677312 0.964955
0.798440 0.273873
0.412874 0.273422
0.214854 0.284611
0.684535 0.434761
0.559762 0.200732
0.609906 0.788695
0.061430 0.988984
0.621534 0.974383
0.854680 0.039348
0.445476 0.323216
0.352136 0.399799
0.911125 0.398178
0.474933 0.894121
0.687510 0.659993
0.774743 0.808550
0.317969 0.009546
0.914243 0.097526
0.864318 0.957797
0.865014 0.673897
0.556164 0.451354
0.329943 0.087931
0.331577 0.847956
0.081606 0.139916
0.287279 0.828024
0.554792 0.320373
0.779676 0.877420
0.570818 0.559481
0.710703 0.332126
0.937676 0.117470
0.794218 0.329919
0.114577 0.549509
0.650744 0.613114
0.751877 0.162625
0.773012 0.771451
0.854648 0.542695
0.495747 0.991421
0.134565 0.330673
0.015132 0.810350
0.727601 0.801017
0.400157 0.819352
0.692175 0.915341
0.641535 0.661277
0.013460 0.863605
0.188148 0.264671
0.181177 0.539712
0.518635 0.700867
0.784575 0.255524
0.915122 0.327591
0.176565 0.228905
0.139539 0.574747
0.642184 0.249031
0.590220 0.360686
0.478018 0.223835
0.424421 0.621795
0.091272 0.149159
0.677969 0.552867
0.805899 0.400019
0.573946 0.271664
0.606501 0.913091
0.571814 0.985231
0.018079 0.460842
0.503893 0.714161
0.690597 0.992692
0.268804 0.551105
0.538184 0.487700
0.304410 0.140911
0.342090 0.839039
0.629968 0.246026
0.478514 0.993113
0.726588 0.029171
0.552705 0.638715
0.378151 0.255088
0.558287 0.754724
0.096429 0.417147
0.496841 0.858456
0.595266 0.639509
0.058390 0.485091
0.128934 0.672738
0.718137 0.683379
0.033664 0.929970
0.531313 0.203365
0.570212 0.689304
0.264520 0.434131
0.781390 0.923350
0.394040 0.390019
0.666084 0.954650
0.918579 0.368404
0.562902 0.800391
0.898317 0.924290
0.413090 0.203265
0.200032 0.002759
0.983551 0.920472
0.776118 0.794333
0.551650 0.711417
0.001836 0.766192
0.425431 0.989564
0.070252 0.124508
0.968415 0.877223
0.240369 0.515920
0.078773 0.635601
0.616206 0.679456
0.054640 0.081987
0.543017 0.322120
0.244383 0.022326
0.170627 0.950953
0.259551 0.680290
0.530949 0.046206
0.678195 0.298320
0.105341 0.467518
0.682295 0.779982
0.827625 0.428072
0.504308 0.634222
0.356316 0.321548
0.462441 0.664048
0.645998 0.343888
0.589383 0.846689
0.177941 0.296553
0.045810 0.799978
0.796095 0.395710
0.319934 0.991886
0.550914 0.014579
0.861371 0.777050
0.104903 0.394196
0.975986 0.510490
0.975436 0.447889
0.864078 0.142927
0.095677 0.347730
0.072753 0.544440
0.965396 0.281173
0.163046 0.538578
0.468961 0.265314
0.674539 0.124545
0.251766 0.589170
0.351098 0.522774
0.335171 0.023535
0.401680 0.504683
0.129589 0.612969
0.308662 0.529214
0.447415 0.939963
0.721104 0.737883
0.639132 0.035314
0.641615 0.318591
0.101102 0.080982
0.902145 0.252736
0.494908 0.388113
0.263626 0.263116
0.699527 0.056731
0.788717 0.292302
0.968776 1.002866
0.666252 1.001270
0.317969 1.009546
0.200032 1.002759
1.008790 0.216686
1.003731 0.797665
1.001836 0.766192
