-0.007723 0.303419
-0.000257 0.020299
-0.007883 0.383818
-0.007542 0.721916
-0.007589 0.256437
-0.002670 0.770400
-0.003534 0.611773
-0.000682 0.827899
0.486608 -0.006442
0.250981 -0.003711
0.942438 -0.001997
0.088476 -0.008596
0.895354 -0.007566
0.983075 -0.001862
0.054817 -0.007821
0.165334 -0.008549
0.197001 -0.002451
0.153499 0.049625
0.813969 0.887435
0.012027 0.249766
0.053428 0.351800
0.373786 0.700164
0.441463 0.879066
0.203433 0.106053
0.235276 0.610487
0.595810 0.535021
0.652011 0.758678
0.305872 0.294190
0.518503 0.720281
0.911394 0.323808
0.225032 0.116122
0.324165 0.040635
0.329771 0.108666
0.585020 0.886083
0.898563 0.535417
0.755167 0.416722
0.024128 0.200171
0.226596 0.558168
0.077138 0.419831
0.577641 0.841025
0.674350 0.811150
0.075854 0.571053
0.105906 0.715490
0.317615 0.688586
0.876558 0.003207
0.429437 0.338936
0.785716 0.771120
0.658449 0.390634
0.237948 0.122631
0.209427 0.622225
0.592366 0.966550
0.514840 0.941110
0.084002 0.824513
0.175436 0.563526
0.813498 0.949024
0.649580 0.198635
0.082486 0.366615
0.984369 0.280215
0.227508 0.135918
0.901693 0.430882
0.561100 0.014393
0.477447 0.834043
0.057859 0.320461
0.385814 0.726784
0.967254 0.970237
0.626495 0.851590
0.288775 0.377410
0.230335 0.983857
0.007279 0.693444
0.379231 0.713894
0.127695 0.077561
0.568224 0.895252
0.610947 0.806123
0.034012 0.618534
0.361377 0.140467
0.128376 0.036013
0.401866 0.973219
0.890107 0.599968
0.397247 0.018750
0.772226 0.694693
0.040143 0.734169
0.811342 0.064778
0.486608 0.993558
0.389696 0.701721
0.214784 0.499448
0.055630 0.035488
0.489305 0.294844
0.064818 0.700175
0.315619 0.782938
0.180741 0.024363
0.776437 0.412921
0.480622 0.246820
0.372809 0.840517
0.880430 0.242095
0.696823 0.268450
0.440792 0.096251
0.299102 0.964028
0.416689 0.922180
0.626536 0.702364
0.554550 0.381705
0.453771 0.907306
0.678956 0.117298
0.274816 0.437875
0.318032 0.125570
0.640008 0.695640
0.930078 0.779544
0.320058 0.606800
0.420696 0.894316
0.155938 0.310555
0.854809 0.891714
0.338864 0.874850
0.269289 0.789888
0.559169 0.062153
0.608846 0.758937
0.957270 0.069263
0.217372 0.747565
0.671000 0.566936
0.148174 0.969520
0.992277 0.303419
0.053776 0.961317
0.428544 0.215652
0.311856 0.934506
0.972862 0.089461
0.965639 0.612498
0.801263 0.938723
0.078088 0.950271
0.242115 0.217222
0.109492 0.539075
0.253499 0.835468
0.098504 0.793219
0.561327 0.000624
0.533157 0.212198
0.586580 0.462086
0.688608 0.245349
0.937437 0.687107
0.930529 0.417931
0.813931 0.440050
0.762475 0.008765
0.169606 0.514197
0.779062 0.358784
0.293356 0.152062
0.905274 0.272805
0.341886 0.049900
0.204625 0.523685
0.237291 0.592027
0.813012 0.386429
0.782878 0.715005
0.999743 0.020299
0.659164 0.532914
0.957221 0.695341
0.467512 0.296598
0.420756 0.396188
0.103454 0.478207
0.776123 0.472830
0.319068 0.387208
0.706327 0.897423
0.755105 0.135663
0.117393 0.095391
0.272480 0.049941
0.165293 0.969295
0.177632 0.460800
0.723364 0.491874
0.561513 0.755447
0.968089 0.391173
0.651796 0.051884
0.893008 0.888314
0.992117 0.383818
0.343243 0.708168
0.614858 0.850031
0.943079 0.984125
0.902610 0.031412
0.109623 0.399428
0.737866 0.873217
0.325963 0.904178
0.648312 0.417438
0.829618 0.989485
0.378999 0.485395
0.616760 0.407935
0.624489 0.606923
0.805276 0.590848
0.272851 0.464557
0.432437 0.359234
0.911539 0.346949
0.498033 0.163429
0.297277 0.592530
0.844055 0.901578
0.779690 0.218660
0.633433 0.712668
0.003268 0.603578
0.942165 0.087103
0.225558 0.921619
0.200786 0.303467
0.679292 0.215146
0.457805 0.517021
0.426273 0.490533
0.187552 0.104822
0.940807 0.128815
0.334354 0.804875
0.141101 0.544235
0.869063 0.942284
0.458231 0.263050
0.184196 0.697764
0.123931 0.151344
0.702001 0.401100
0.249210 0.294335
0.532908 0.163545
0.019163 0.001253
0.500526 0.917519
0.945873 0.343347
0.542334 0.349553
0.503131 0.089591
0.277153 0.378476
0.784586 0.145919
0.392765 0.928232
0.248901 0.731906
0.306715 0.472867
0.658460 0.683697
0.437296 0.023486
0.410756 0.840348
0.916327 0.579961
0.841650 0.356676
0.628194 0.399176
0.250981 0.996289
0.637273 0.754422
0.879797 0.463203
0.029927 0.228544
0.540361 0.399560
0.755461 0.831957
0.559984 0.565699
0.598466 0.565955
0.477749 0.340816
0.811710 0.798077
0.282244 0.212203
0.553586 0.525728
0.304843 0.833843
0.079579 0.400905
0.900004 0.874673
0.225212 0.234281
0.933055 0.650475
0.280393 0.117756
0.708539 0.576369
0.127652 0.164894
0.721939 0.027804
0.266071 0.961567
0.024571 0.795750
0.784215 0.097189
0.714372 0.046486
0.062195 0.789210
0.775537 0.987384
0.945148 0.732885
0.957904 0.129785
0.668278 0.380092
0.539035 0.937297
0.893949 0.224732
0.087634 0.215450
0.680827 0.432720
0.485281 0.720365
0.317335 0.836455
0.819507 0.303115
0.814046 0.026181
0.837354 0.489276
0.102677 0.578887
0.151860 0.919554
0.726968 0.145769
0.291954 0.662610
0.101778 0.769888
0.256426 0.970610
0.204106 0.905284
0.161328 0.471300
0.785240 0.664180
0.731169 0.175774
0.413203 0.245658
0.882229 0.694767
0.680074 0.030977
0.737908 0.984511
0.702629 0.744939
0.579426 0.948932
0.094902 0.915076
0.489937 0.333150
0.858340 0.026270
0.214779 0.484713
0.898762 0.723290
0.869620 0.406973
0.094830 0.029437
0.514070 0.500670
0.787398 0.816390
0.730267 0.771013
0.332590 0.587736
0.805565 0.162323
0.595743 0.947205
0.435860 0.261208
0.934116 0.178379
0.992458 0.721916
0.529482 0.280475
0.125461 0.132592
0.746546 0.341550
0.371150 0.409230
0.833634 0.618773
0.170872 0.090085
0.244781 0.089913
0.177074 0.183248
0.296112 0.628327
0.763723 0.512762
0.684727 0.308266
0.307081 0.412400
0.450699 0.231256
0.918280 0.820858
0.951617 0.829470
0.540588 0.779415
0.877044 0.367804
0.816773 0.710206
0.696592 0.236742
0.135619 0.295175
0.126720 0.384965
0.964598 0.226602
0.282469 0.725713
0.145203 0.845416
0.765104 0.810632
0.015617 0.555829
0.778610 0.079277
0.242125 0.455425
0.465194 0.889155
0.269431 0.124855
0.236401 0.256978
0.079538 0.670108
0.524848 0.683892
0.491477 0.282428
0.524121 0.924818
0.752968 0.496851
0.892351 0.916641
0.455049 0.326309
0.336790 0.256571
0.234962 0.359963
0.283405 0.985657
0.492122 0.690778
0.154395 0.443299
0.160544 0.401424
0.596719 0.844777
0.908951 0.144155
0.302577 0.749285
0.975410 0.356501
0.505834 0.795461
0.687882 0.262447
0.626387 0.286250
0.130817 0.759828
0.641163 0.516101
0.696970 0.442553
0.176028 0.953758
0.021462 0.572797
0.505267 0.409371
0.938194 0.491573
0.702697 0.363682
0.349732 0.936465
0.724486 0.828942
0.488399 0.567664
0.729220 0.667077
0.480193 0.957662
0.646414 0.680594
0.942438 0.998003
0.417795 0.765761
0.447161 0.674046
0.094509 0.685498
0.284580 0.234393
0.982324 0.691194
0.471729 0.469284
0.948180 0.593503
0.604787 0.775130
0.584391 0.693576
0.828296 0.219044
0.250046 0.593613
0.168585 0.662542
0.281670 0.685256
0.762733 0.354982
0.597703 0.172045
0.248292 0.052611
0.166501 0.794209
0.062438 0.094364
0.434005 0.011778
0.171917 0.981373
0.543505 0.915443
0.973406 0.122462
0.444362 0.431460
0.205221 0.470574
0.417467 0.230285
0.316358 0.970590
0.888213 0.822059
0.644621 0.834995
0.047385 0.591364
0.992411 0.256437
0.106182 0.242819
0.322845 0.558107
0.296326 0.708679
0.435822 0.846180
0.249081 0.821048
0.825671 0.255092
0.785937 0.753805
0.997330 0.770400
0.881228 0.350554
0.809839 0.970323
0.237072 0.422666
0.996466 0.611773
0.018495 0.958206
0.416045 0.851022
0.887485 0.481761
0.090244 0.491365
0.579439 0.672631
0.390783 0.039954
0.088476 0.991404
0.262893 0.043651
0.738254 0.353688
0.762901 0.784110
0.913542 0.955315
0.936794 0.885909
0.836096 0.910769
0.568044 0.881041
0.210618 0.785782
0.419512 0.630985
0.368871 0.016838
0.515690 0.617723
0.147023 0.107426
0.957543 0.900963
0.801596 0.088449
0.025179 0.834768
0.933467 0.107109
0.139149 0.796729
0.132909 0.488202
0.758724 0.956682
0.942332 0.322045
0.924014 0.626769
0.644673 0.611263
0.047890 0.676792
0.965950 0.924109
0.416253 0.321969
0.124123 0.748359
0.317660 0.029530
0.729709 0.682759
0.514476 0.807975
0.895354 0.992434
0.404526 0.238121
0.136985 0.432997
0.840225 0.683601
0.303731 0.372157
0.178057 0.358758
0.255758 0.384124
0.196212 0.447620
0.082594 0.261322
0.472596 0.432761
0.020448 0.158479
0.661618 0.584978
0.627165 0.511941
0.841684 0.102277
0.961379 0.154004
0.610400 0.959680
0.281957 0.933177
0.255146 0.782184
0.308060 0.271197
0.146625 0.983311
0.062759 0.746942
0.303085 0.686427
0.644602 0.118542
0.435628 0.280232
0.129906 0.544101
0.331073 0.064298
0.087555 0.409478
0.731640 0.844615
0.408242 0.698424
0.718754 0.410544
0.918011 0.644855
0.383247 0.355505
0.167426 0.576497
0.691311 0.607589
0.946435 0.757397
0.704839 0.853816
0.491474 0.862378
0.162520 0.631422
0.205966 0.681639
0.270870 0.249468
0.935472 0.149957
0.223201 0.569504
0.668799 0.285785
0.524283 0.220331
0.565612 0.364790
0.490116 0.439356
0.934349 0.944970
0.825032 0.287574
0.527307 0.102976
0.451460 0.301913
0.616053 0.358613
0.853877 0.546524
0.638859 0.315949
0.077886 0.011705
0.637266 0.481134
0.046392 0.550498
0.342811 0.020210
0.644586 0.549602
0.414900 0.804689
0.158576 0.752179
0.487379 0.420327
0.983075 0.998138
0.519905 0.664659
0.810481 0.227261
0.671166 0.518565
0.241340 0.438360
0.622636 0.663283
0.653147 0.919683
0.607155 0.056975
0.415281 0.473014
0.282925 0.271188
0.583191 0.535375
0.359134 0.548200
0.090923 0.286773
0.421285 0.511176
0.395923 0.148714
0.582326 0.588370
0.708574 0.721434
0.412493 0.185589
0.023901 0.405844
0.865927 0.874863
0.806186 0.546389
0.689712 0.678964
0.812414 0.130598
0.169716 0.701702
0.351517 0.629773
0.157773 0.810097
0.806288 0.687907
0.223792 0.333521
0.050220 0.166141
0.392234 0.893163
0.663441 0.329186
0.824620 0.242179
0.907370 0.291479
0.623198 0.806758
0.031986 0.879317
0.988544 0.649299
0.919974 0.495371
0.180793 0.473413
0.071415 0.916303
0.511799 0.254568
0.404567 0.959164
0.657100 0.769311
0.114546 0.263993
0.811251 0.758684
0.423187 0.689644
0.687620 0.182765
0.012232 0.028341
0.101482 0.843059
0.103530 0.320689
0.729912 0.365888
0.577081 0.467554
0.731077 0.104927
0.979718 0.415384
0.794842 0.430861
0.810642 0.484706
0.538979 0.010948
0.605250 0.229676
0.690074 0.517001
0.196348 0.839008
0.097467 0.270912
0.445496 0.573850
0.107343 0.110452
0.015976 0.425413
0.910544 0.479012
0.874008 0.083073
0.674133 0.739878
0.384985 0.658925
0.019448 0.598290
0.667969 0.543055
0.177391 0.395928
0.635367 0.152732
0.929309 0.870166
0.265589 0.509052
0.490445 0.041534
0.404658 0.378467
0.166888 0.849502
0.652774 0.518768
0.720992 0.081244
0.927686 0.034021
0.226502 0.499845
0.142283 0.252155
0.858501 0.523253
0.849559 0.238405
0.115822 0.647167
0.107566 0.285543
0.912395 0.513833
0.264832 0.342460
0.491415 0.791852
0.256800 0.618661
0.877316 0.151262
0.185180 0.929856
0.784160 0.159625
0.936732 0.065391
0.380517 0.692037
0.916564 0.438494
0.054817 0.992179
0.295616 0.240091
0.385869 0.261113
0.224697 0.368144
0.174306 0.768121
0.583692 0.314924
0.904313 0.898059
0.434787 0.070634
0.903732 0.620121
0.970087 0.530717
0.891288 0.453466
0.694220 0.914877
0.111425 0.223434
0.441076 0.169577
0.883101 0.028746
0.358803 0.864229
0.735211 0.656002
0.496114 0.098444
0.511874 0.596483
0.470617 0.413677
0.513185 0.156799
0.242361 0.195662
0.699985 0.547530
0.101391 0.347522
0.883820 0.115637
0.869712 0.714989
0.167691 0.882821
0.077257 0.703074
0.669509 0.688088
0.988560 0.060334
0.621618 0.486765
0.304726 0.146005
0.955506 0.960488
0.873835 0.750086
0.379890 0.617860
0.710401 0.058289
0.565048 0.545050
0.214353 0.034498
0.774101 0.257667
0.785699 0.609707
0.029581 0.909727
0.924573 0.456402
0.967722 0.197493
0.785383 0.838271
0.771732 0.386491
0.948314 0.540372
0.547034 0.296826
0.749113 0.118239
0.165334 0.991451
0.067340 0.758397
0.432641 0.141505
0.228358 0.387093
0.147998 0.581230
0.880998 0.292957
0.687498 0.738172
0.731923 0.898636
0.933766 0.441079
0.396109 0.605083
0.146105 0.406218
0.075528 0.615722
0.332437 0.085129
0.751153 0.746737
0.231438 0.314612
0.161848 0.042308
0.553793 0.671633
0.987553 0.898687
0.148549 0.088433
0.352601 0.850659
0.703260 0.163095
0.197888 0.937546
0.704544 0.069218
0.931033 0.254935
0.672498 0.252420
0.842273 0.650622
0.634537 0.298157
0.653227 0.979222
0.740280 0.295102
0.470141 0.758471
0.540714 0.808073
0.150780 0.200809
0.764322 0.297219
0.497336 0.630128
0.424238 0.193611
0.068318 0.108638
0.438431 0.388748
0.251879 0.641995
0.647366 0.622152
0.030239 0.248795
0.713102 0.733480
0.888436 0.538918
0.191572 0.772492
0.618356 0.938496
0.491891 0.354297
0.814240 0.321234
0.976179 0.378337
0.914833 0.723567
0.831363 0.057392
0.555330 0.594789
0.816705 0.600860
0.054226 0.059501
0.434306 0.687143
0.673339 0.359213
0.491322 0.173042
0.371526 0.357446
0.809391 0.521616
0.256170 0.883051
0.847906 0.020778
0.060038 0.689282
0.260710 0.020928
0.591733 0.039597
0.102685 0.361187
0.007933 0.464669
0.116756 0.718533
0.370782 0.035047
0.864845 0.960696
0.909970 0.755177
0.285810 0.329892
0.470828 0.569222
0.576399 0.368382
0.271616 0.985503
0.647920 0.391025
0.115870 0.308374
0.041401 0.380241
0.567870 0.824699
0.965822 0.047952
0.161864 0.830603
0.010454 0.657628
0.853070 0.369512
0.721737 0.387079
0.930988 0.472115
0.524491 0.035478
0.221722 0.808164
0.110694 0.440661
0.676509 0.460386
0.020421 0.690462
0.227203 0.217696
0.080096 0.540542
0.594133 0.074399
0.182205 0.412608
0.130754 0.506934
0.795820 0.599306
0.712032 0.289198
0.028525 0.498846
0.195308 0.963824
0.763097 0.612794
0.386298 0.911398
0.535851 0.749595
0.407871 0.341133
0.746898 0.805047
0.393994 0.775091
0.507751 0.394257
0.382814 0.883430
0.489068 0.407795
0.016970 0.097446
0.808405 0.981582
0.495456 0.429501
0.696100 0.218500
0.076260 0.460687
0.384181 0.240972
0.094925 0.779807
0.188638 0.009487
0.410077 0.141326
0.532759 0.557760
0.693440 0.876369
0.986430 0.985761
0.456081 0.348011
0.982914 0.485870
0.018010 0.503632
0.126992 0.305175
0.772713 0.661799
0.397966 0.501051
0.612551 0.133072
0.283354 0.837400
0.865931 0.054759
0.493185 0.830148
0.918485 0.801233
0.978781 0.571478
0.976799 0.448712
0.961414 0.778060
0.948101 0.679078
0.714160 0.137596
0.082775 0.112226
0.369215 0.965415
0.362390 0.930394
0.095983 0.121931
0.488612 0.922508
0.134837 0.144381
0.333315 0.454992
0.008392 0.408340
0.180881 0.873352
0.548879 0.861317
0.053122 0.511039
0.925516 0.721515
0.636562 0.945801
0.730328 0.521927
0.647242 0.736006
0.228864 0.301048
0.194550 0.149643
0.855203 0.930679
0.729166 0.193505
0.458184 0.855407
0.131757 0.613868
0.256673 0.548657
0.428744 0.747262
0.464983 0.983740
0.848656 0.321862
0.178597 0.855225
0.860381 0.105005
0.607067 0.792711
0.803438 0.039307
0.469374 0.851339
0.618769 0.372333
0.294159 0.055141
0.726025 0.585521
0.952208 0.360748
0.165584 0.257325
0.078074 0.591245
0.496128 0.492939
0.017150 0.844059
0.771896 0.289107
0.944897 0.267973
0.154361 0.370596
0.222814 0.026262
0.181080 0.243849
0.117834 0.824767
0.731423 0.714380
0.347355 0.085379
0.212168 0.088572
0.759535 0.069622
0.585777 0.282792
0.521659 0.974270
0.684215 0.401481
0.104772 0.414886
0.547699 0.231351
0.006030 0.541136
0.879897 0.378421
0.826496 0.152736
0.322297 0.405957
0.414545 0.578093
0.128631 0.104171
0.471846 0.686694
0.359336 0.309474
0.041156 0.947520
0.232460 0.085470
0.728504 0.753999
0.481700 0.320748
0.463236 0.457467
0.589622 0.734537
0.999318 0.827899
0.528207 0.007444
0.757006 0.850602
0.225088 0.449802
0.887462 0.092541
0.496375 0.228642
0.590749 0.232237
0.890081 0.567484
0.830344 0.167856
0.313986 0.576571
0.121670 0.668336
0.583256 0.704181
0.960143 0.038787
0.544919 0.196589
0.760640 0.172255
0.861559 0.831522
0.749052 0.721213
0.523055 0.912213
0.354433 0.117810
0.575129 0.619367
0.720859 0.557229
0.060251 0.444044
0.220881 0.724759
0.742879 0.260973
0.003929 0.785697
0.873222 0.435135
0.153276 0.651365
0.148839 0.161176
0.252097 0.482517
0.287568 0.300099
0.564812 0.767489
0.906429 0.366070
0.305923 0.603825
0.872410 0.531327
0.731652 0.404836
0.722006 0.703812
0.297367 0.080580
0.619153 0.468368
0.952840 0.335236
0.693590 0.464801
0.611862 0.448765
0.086120 0.972862
0.198665 0.089700
0.567483 0.083255
0.251994 0.173028
0.057749 0.467589
0.446282 0.796226
0.939912 0.583669
0.857979 0.380298
0.360367 0.292078
0.085625 0.645594
0.933196 0.544399
0.669974 0.925111
0.574665 0.912798
0.927545 0.287715
0.940694 0.814567
0.525201 0.819584
0.567710 0.678426
0.028816 0.759423
0.532175 0.304011
0.700070 0.952069
0.544780 0.259087
0.007868 0.265493
0.550053 0.138536
0.446047 0.141844
0.875635 0.550116
0.859596 0.507179
0.736270 0.857487
0.284772 0.868569
0.344334 0.269675
0.570131 0.132182
0.134973 0.935031
0.335635 0.197619
0.096091 0.893536
0.383645 0.158130
0.641884 0.038408
0.066849 0.538986
0.918255 0.166713
0.124610 0.013695
0.762763 0.722754
0.854439 0.249957
0.614900 0.048611
0.112795 0.348147
0.471949 0.079532
0.682029 0.525287
0.131727 0.650781
0.847187 0.345904
0.006790 0.292475
0.217662 0.301902
0.217996 0.390584
0.338123 0.745873
0.368994 0.423220
0.571435 0.588120
0.028746 0.091130
0.247616 0.652938
0.065203 0.016337
0.520089 0.652348
0.394154 0.380636
0.369605 0.753130
0.611900 0.239151
0.925260 0.381886
0.373455 0.329776
0.903784 0.466117
0.135100 0.204996
0.857775 0.010009
0.770043 0.857160
0.933452 0.015073
0.562370 0.941774
0.686356 0.331158
0.307496 0.038763
0.567780 0.650849
0.738691 0.956373
0.281327 0.901909
0.323485 0.716772
0.184229 0.440328
0.364517 0.213507
0.533547 0.832271
0.472795 0.632357
0.197001 0.997549
0.824469 0.414066
0.896317 0.512013
0.448689 0.633298
0.211515 0.560343
0.544017 0.180872
0.548818 0.557049
0.620513 0.000657
0.018157 0.474908
0.076591 0.250691
0.581182 0.151014
0.410211 0.893036
0.460458 0.149395
0.876558 1.003207
0.561327 1.000624
0.762475 1.008765
0.019163 1.001253
0.188638 1.009487
0.528207 1.007444
0.620513 1.000657
1.007279 0.693444
1.003268 0.603578
1.007933 0.464669
1.008392 0.408340
1.006030 0.541136
1.003929 0.785697
1.007868 0.265493
1.006790 0.292475
