-0.002997 0.224171
-0.002440 0.811603
-0.003150 0.553542
0.719570 -0.003844
0.424335 0.429356
0.124873 0.024434
0.290185 0.317521
0.653690 0.956936
0.935731 0.457886
0.240478 0.763898
0.759327 0.740648
0.743688 0.105920
0.681560 0.463261
0.212163 0.098519
0.823574 0.175010
0.163570 0.665987
0.894389 0.516558
0.702702 0.153590
0.953457 0.540884
0.679734 0.036563
0.809204 0.748619
0.120187 0.525045
0.325834 0.546449
0.398881 0.415093
0.180738 0.255387
0.020536 0.923676
0.653700 0.932614
0.163512 0.921097
0.794658 0.577394
0.440036 0.257614
0.751946 0.228669
0.064187 0.767330
0.671202 0.715213
0.642061 0.419048
0.390762 0.816140
0.317428 0.814540
0.789074 0.852264
0.505637 0.635661
0.950894 0.443964
0.060019 0.866750
0.631189 0.355074
0.997003 0.224171
0.652451 0.604991
0.387245 0.142187
0.025135 0.421112
0.184100 0.725775
0.370363 0.841560
0.734230 0.571026
0.176855 0.957384
0.265322 0.924581
0.223770 0.373564
0.087500 0.640117
0.180617 0.045051
0.723173 0.347438
0.660617 0.383869
0.627347 0.021650
0.910570 0.800559
0.745847 0.813113
0.383306 0.617279
0.575495 0.530052
0.275070 0.248629
0.451639 0.227713
0.804450 0.986104
0.029992 0.535664
0.087077 0.802091
0.989145 0.066946
0.939398 0.018178
0.683839 0.783736
0.534138 0.885359
0.899005 0.625938
0.137869 0.217802
0.106942 0.616443
0.939661 0.354456
0.410629 0.984349
0.945579 0.676645
0.988302 0.766831
0.336699 0.662382
0.244165 0.295507
0.680178 0.527847
0.411594 0.602638
0.750520 0.583533
0.551793 0.583571
0.511820 0.082593
0.719570 0.996156
0.354534 0.971259
0.346449 0.886544
0.454695 0.413427
0.217732 0.125655
0.308915 0.726104
0.782872 0.693788
0.009802 0.843213
0.922332 0.770954
0.042660 0.378186
0.704340 0.729513
0.224277 0.269055
0.673031 0.477492
0.623716 0.236445
0.177124 0.829643
0.766922 0.934478
0.107889 0.182228
0.099095 0.489764
0.193245 0.895892
0.099090 0.044166
0.557295 0.772495
0.311940 0.178982
0.338956 0.210146
0.510153 0.906364
0.628924 0.101534
0.390855 0.054617
0.501283 0.431721
0.997560 0.811603
0.485652 0.894448
0.137547 0.390005
0.927356 0.917494
0.713574 0.618337
0.343288 0.936027
0.124774 0.730585
0.646477 0.833152
0.398282 0.749822
0.835221 0.322460
0.552262 0.979129
0.549309 0.330424
0.619472 0.360637
0.756510 0.413901
0.492345 0.694743
0.972734 0.327755
0.837803 0.739072
0.954174 0.031923
0.356869 0.662654
0.281502 0.230383
0.590609 0.660438
0.047555 0.348785
0.451341 0.240905
0.715045 0.856182
0.281508 0.731051
0.137763 0.836723
0.138602 0.588209
0.366157 0.806760
0.503781 0.489594
0.877049 0.353142
0.449444 0.963530
0.042298 0.972958
0.189207 0.667120
0.586440 0.675112
0.361022 0.620278
0.811151 0.019257
0.083874 0.974802
0.651350 0.231238
0.403491 0.122021
0.268439 0.257846
0.331665 0.152234
0.348008 0.121658
0.884153 0.094278
0.930041 0.399020
0.735966 0.794682
0.544906 0.686223
0.893633 0.054792
0.303661 0.046192
0.195477 0.720166
0.721753 0.877799
0.582433 0.070684
0.922745 0.800372
0.285947 0.543663
0.984776 0.715678
0.838970 0.433261
0.470625 0.560713
0.269092 0.749018
0.503888 0.646810
0.307746 0.138725
0.475573 0.362459
0.788113 0.780296
0.668512 0.133504
0.021556 0.559841
0.300819 0.939410
0.980904 0.286620
0.800820 0.896111
0.597527 0.884017
0.943732 0.549158
0.025857 0.446531
0.646302 0.521203
0.372313 0.937135
0.829533 0.849085
0.372534 0.593185
0.872553 0.933502
0.668464 0.206776
0.653851 0.072052
0.406727 0.666932
0.933726 0.810950
0.484548 0.756749
0.417047 0.971786
0.987975 0.864148
0.388884 0.454742
0.246687 0.784423
0.882838 0.913712
0.558285 0.598868
0.148877 0.899713
0.450394 0.205672
0.899651 0.762586
0.882486 0.284950
0.673226 0.664280
0.122815 0.407318
0.275287 0.716670
0.283384 0.896199
0.826579 0.390027
0.834369 0.609630
0.574737 0.326042
0.456425 0.713796
0.884405 0.720856
0.018613 0.674776
0.438509 0.437820
0.117037 0.814682
0.324855 0.246228
0.342713 0.375692
0.546554 0.561920
0.395822 0.398131
0.515367 0.657531
0.950915 0.722349
0.400080 0.831871
0.134338 0.060467
0.084247 0.163898
0.324220 0.301727
0.011681 0.539905
0.095373 0.146515
0.631141 0.859320
0.974222 0.570838
0.996850 0.553542
0.515458 0.330682
0.430002 0.491806
0.071037 0.887739
0.064634 0.436185
0.613475 0.818641
0.886235 0.931112
0.190785 0.258582
0.897866 0.593362
0.503840 0.612810
0.819422 0.531889
0.202075 0.453893
0.427911 0.966053
0.620055 0.695390
0.516990 0.556695
0.156495 0.562056
0.694803 0.426456
0.360031 0.454212
0.386390 0.775555
0.734271 0.430278
0.693753 0.945213
0.784233 0.705572
0.109334 0.389931
0.590905 0.459380
0.050340 0.228688
0.834189 0.015645
0.863711 0.078069
0.669043 0.500211
0.217994 0.571616
0.122189 0.671166
0.599586 0.055976
0.056343 0.152501
0.019621 0.435176
0.520129 0.863868
0.097698 0.908052
0.108017 0.516997
0.143156 0.559371
0.848709 0.916821
0.986968 0.505133
0.271422 0.100751
0.507849 0.585609
0.762887 0.082963
0.661596 0.516979
0.171048 0.938558
0.590483 0.440635
0.941919 0.655914
0.451946 0.839697
0.532624 0.553887
0.680066 0.367190
0.239291 0.578923
0.866887 0.406777
0.112615 0.443846
0.300184 0.401387
0.833364 0.403629
0.390176 0.360449
0.140255 0.260130
0.086815 0.429397
0.257283 0.297555
0.424858 0.119207
0.495067 0.706407
0.074090 0.393883
0.001301 0.189180
0.174892 0.138649
0.598886 0.901058
0.939380 0.221184
0.482671 0.376011
0.523780 0.264873
0.173853 0.026107
0.954678 0.430597
0.961559 0.762414
0.007349 0.680039
0.705951 0.645129
0.552310 0.218109
0.772366 0.228028
0.370865 0.890929
0.856377 0.402434
0.318019 0.608635
0.910195 0.909098
0.591594 0.332571
0.853064 0.442398
0.904355 0.033179
0.532426 0.716497
0.179302 0.336533
0.187713 0.321927
0.403857 0.548566
0.048739 0.552732
0.243145 0.154159
0.956416 0.935661
0.818714 0.728262
0.175812 0.360371
0.188790 0.001198
0.316420 0.699617
0.625255 0.543062
0.439037 0.287427
0.501659 0.761546
0.762408 0.576056
0.747663 0.645535
0.123220 0.504398
0.347261 0.092148
0.147849 0.198170
0.672270 0.431511
0.694404 0.256785
0.279392 0.946230
0.906443 0.392685
0.837171 0.971500
0.056933 0.450324
0.582470 0.686638
0.719433 0.650041
0.726915 0.373848
0.581582 0.116119
0.057654 0.979765
0.284824 0.594974
0.962161 0.185778
0.193040 0.341644
0.273217 0.151947
0.397109 0.374722
0.131115 0.435041
0.091513 0.614627
0.010979 0.573260
0.789730 0.235367
0.448020 0.569358
0.061401 0.496289
0.642315 0.221266
0.846373 0.505999
0.236930 0.957345
0.620260 0.600262
0.172605 0.090347
0.255262 0.858571
0.911067 0.699634
0.725182 0.229886
0.576053 0.810628
0.089999 0.320941
0.511409 0.060606
0.725688 0.556556
0.529360 0.829982
0.858759 0.789029
0.317833 0.452207
0.109742 0.269884
0.524637 0.972651
0.710409 0.311860
0.291457 0.850357
0.911647 0.639276
0.255370 0.088666
0.838256 0.584719
0.948109 0.061029
0.584641 0.285108
0.827732 0.190986
0.442530 0.393412
0.826574 0.676871
0.207603 0.318105
0.133811 0.671463
0.570991 0.169767
0.147656 0.476080
0.908102 0.552175
0.032940 0.053863
0.805063 0.451375
0.382646 0.789644
0.364287 0.532350
0.711657 0.871477
0.328690 0.650118
0.974836 0.075967
0.188790 1.001198
1.009802 0.843213
1.001301 0.189180
1.007349 0.680039
