-0.008583 0.922280
-0.008472 0.636587
-0.000030 0.706045
-0.002739 0.395376
-0.009765 0.813094
-0.008439 0.719801
-0.008525 0.653880
-0.009181 0.265358
-0.002578 0.883539
-0.009203 0.559070
-0.001855 0.830769
-0.000070 0.229514
-0.007297 0.933761
-0.001189 0.377636
0.700228 -0.009271
0.113443 -0.000675
0.328695 -0.001575
0.237438 -0.006625
0.377707 -0.000711
0.440107 -0.003036
0.242693 0.043488
0.121900 0.497378
0.700907 0.323077
0.012864 0.650776
0.189908 0.520247
0.926400 0.467534
0.867891 0.421945
0.887616 0.371493
0.132446 0.429369
0.390001 0.982534
0.979575 0.307462
0.931876 0.799491
0.937408 0.619281
0.367811 0.409297
0.719574 0.633283
0.573626 0.814430
0.146368 0.266377
0.374482 0.103060
0.739375 0.326017
0.595407 0.891891
0.287898 0.741531
0.476565 0.414747
0.827695 0.524448
0.476245 0.860787
0.130660 0.124569
0.132166 0.652713
0.978227 0.588634
0.417234 0.008962
0.895842 0.975286
0.991417 0.922280
0.182157 0.562077
0.499944 0.864409
0.368597 0.903521
0.615304 0.772102
0.731571 0.973556
0.791410 0.460159
0.764924 0.972103
0.256031 0.915740
0.334590 0.181453
0.434338 0.760573
0.916358 0.501787
0.374723 0.771578
0.189764 0.476994
0.581160 0.857357
0.671456 0.193448
0.933515 0.598932
0.653895 0.375429
0.328070 0.032114
0.438448 0.821108
0.599873 0.518671
0.072206 0.662953
0.410109 0.259837
0.763629 0.880712
0.548361 0.451463
0.935262 0.083413
0.368041 0.033132
0.046005 0.640590
0.510186 0.561798
0.281449 0.678728
0.626863 0.708945
0.615367 0.449572
0.727487 0.984814
0.534476 0.779882
0.991528 0.636587
0.273274 0.603080
0.636040 0.911086
0.615642 0.943665
0.255734 0.198206
0.443870 0.877172
0.348390 0.107522
0.764735 0.896277
0.188643 0.673522
0.515890 0.861963
0.298155 0.303297
0.221104 0.139834
0.959012 0.680683
0.804794 0.536206
0.821456 0.262433
0.695705 0.851032
0.087153 0.965787
0.700918 0.075536
0.942840 0.962463
0.388753 0.576942
0.817162 0.076544
0.865313 0.181372
0.834674 0.841036
0.508618 0.520019
0.366895 0.923601
0.700228 0.990729
0.968966 0.092728
0.370596 0.530163
0.080593 0.704305
0.941901 0.207346
0.009805 0.868563
0.678635 0.171705
0.176661 0.895855
0.080977 0.071843
0.023435 0.572509
0.325391 0.524913
0.401908 0.629231
0.631625 0.342676
0.956660 0.333345
0.671042 0.026174
0.861773 0.335173
0.920069 0.246080
0.077658 0.283444
0.302942 0.622158
0.581784 0.692317
0.143561 0.348005
0.623393 0.858977
0.471568 0.690720
0.093759 0.057598
0.825202 0.090790
0.206378 0.793240
0.681732 0.469991
0.897769 0.408530
0.658548 0.958419
0.301820 0.724856
0.751902 0.185631
0.568380 0.061113
0.683282 0.668726
0.134200 0.893097
0.169664 0.544110
0.034614 0.814564
0.595102 0.405800
0.644035 0.366343
0.999970 0.706045
0.196802 0.829573
0.302489 0.523018
0.775371 0.212396
0.269900 0.830791
0.997261 0.395376
0.899643 0.530843
0.082251 0.418549
0.018904 0.901521
0.374959 0.011844
0.501150 0.443384
0.852444 0.500863
0.112195 0.791401
0.934827 0.855888
0.155007 0.081301
0.628262 0.096957
0.033433 0.323610
0.645051 0.584276
0.672177 0.792689
0.380194 0.079293
0.434192 0.785474
0.100197 0.172767
0.925116 0.788422
0.778826 0.877306
0.909721 0.930386
0.404006 0.289149
0.768709 0.943880
0.279397 0.371130
0.273215 0.473539
0.960544 0.101757
0.540645 0.307531
0.151651 0.422623
0.324211 0.556407
0.184440 0.214903
0.565262 0.908647
0.699900 0.885462
0.743195 0.444682
0.118603 0.939270
0.596452 0.331013
0.293001 0.504082
0.844781 0.945664
0.848311 0.544018
0.520840 0.526218
0.625083 0.278809
0.521887 0.330242
0.986322 0.753354
0.445990 0.845778
0.501424 0.551872
0.742759 0.272418
0.386349 0.753610
0.493471 0.665179
0.901870 0.334291
0.806353 0.108719
0.251138 0.719150
0.811861 0.045310
0.536385 0.120199
0.795267 0.502551
0.227985 0.831282
0.113443 0.999325
0.758302 0.518460
0.476625 0.272508
0.963162 0.319447
0.452952 0.533218
0.783380 0.412335
0.909796 0.120651
0.872467 0.651388
0.431496 0.137163
0.018417 0.365739
0.017309 0.471443
0.131659 0.844853
0.957407 0.196130
0.737742 0.055588
0.514494 0.118785
0.642652 0.162659
0.061672 0.558503
0.144378 0.368282
0.201192 0.000180
0.810001 0.903070
0.440653 0.365834
0.364805 0.287875
0.835094 0.975880
0.214291 0.666012
0.440749 0.412788
0.229018 0.712043
0.931265 0.147120
0.019838 0.424017
0.946802 0.730770
0.311909 0.155075
0.989113 0.852899
0.673597 0.269521
0.902550 0.265706
0.853652 0.419129
0.085687 0.935458
0.823568 0.932453
0.637031 0.986515
0.629252 0.429087
0.929461 0.954576
0.166917 0.180367
0.947705 0.632071
0.546436 0.646606
0.990235 0.813094
0.913359 0.559122
0.312863 0.443957
0.265958 0.142716
0.767052 0.609008
0.217773 0.469354
0.794679 0.586073
0.913567 0.752013
0.809329 0.727014
0.845382 0.615888
0.613520 0.009681
0.563145 0.854077
0.451891 0.338306
0.085169 0.894883
0.444706 0.893582
0.527175 0.453006
0.014136 0.267827
0.798663 0.205368
0.642817 0.693671
0.097073 0.739346
0.976107 0.757398
0.206543 0.175012
0.189431 0.435446
0.912408 0.190121
0.709019 0.763644
0.272146 0.295074
0.961221 0.213397
0.380588 0.667731
0.374159 0.683131
0.975320 0.668924
0.697433 0.247502
0.872526 0.776567
0.140081 0.252782
0.557080 0.509845
0.976013 0.779914
0.242948 0.088680
0.803446 0.703194
0.925652 0.402484
0.255174 0.739929
0.405613 0.539227
0.158754 0.969613
0.565562 0.130138
0.531001 0.237427
0.860023 0.919890
0.585039 0.340987
0.178858 0.235844
0.736397 0.555456
0.039626 0.557155
0.975225 0.708834
0.966406 0.899624
0.580171 0.713341
0.843687 0.688287
0.162470 0.140398
0.345576 0.812737
0.031866 0.676943
0.851611 0.769413
0.576447 0.268798
0.916119 0.836647
0.930324 0.886399
0.747671 0.298199
0.721261 0.901460
0.044069 0.342488
0.238401 0.070693
0.448427 0.070638
0.904038 0.451075
0.527844 0.971393
0.798676 0.524462
0.319554 0.838203
0.061059 0.205267
0.570368 0.623925
0.256719 0.169570
0.854844 0.879460
0.691378 0.236391
0.615784 0.311367
0.451896 0.163436
0.227187 0.043076
0.298197 0.473402
0.343707 0.828788
0.142740 0.087443
0.906387 0.903755
0.234562 0.507804
0.572790 0.531469
0.919103 0.015941
0.207333 0.582757
0.741225 0.526429
0.957767 0.985954
0.798410 0.727253
0.156387 0.848998
0.441882 0.013319
0.148039 0.617940
0.933648 0.638591
0.919934 0.740789
0.378654 0.361415
0.016093 0.088012
0.705901 0.899412
0.829928 0.485035
0.991561 0.719801
0.456975 0.513867
0.355212 0.484577
0.711223 0.818153
0.737461 0.948058
0.351053 0.667875
0.888167 0.689326
0.762773 0.552321
0.067512 0.574937
0.951449 0.118268
0.968610 0.860627
0.056370 0.810178
0.274291 0.018183
0.354435 0.632564
0.361953 0.513261
0.464591 0.134123
0.091748 0.481753
0.930291 0.447109
0.310738 0.244198
0.940256 0.342697
0.868964 0.930201
0.337452 0.271167
0.526122 0.598749
0.567014 0.472831
0.269707 0.983945
0.212994 0.249952
0.951125 0.743072
0.511656 0.455111
0.308527 0.713279
0.774460 0.568064
0.105543 0.405425
0.335978 0.259097
0.465985 0.575794
0.854367 0.028681
0.734124 0.231433
0.780909 0.678218
0.162593 0.250034
0.847867 0.369648
0.676765 0.431675
0.653944 0.679112
0.947488 0.506447
0.443247 0.096421
0.412927 0.600010
0.086678 0.117317
0.991475 0.653880
0.636178 0.866654
0.276173 0.665982
0.074681 0.054868
0.866962 0.888069
0.981384 0.898204
0.127804 0.155064
0.813458 0.520083
0.792211 0.608396
0.664025 0.736243
0.251178 0.096510
0.775125 0.706991
0.701953 0.227391
0.564517 0.636805
0.687419 0.071946
0.979963 0.061727
0.281564 0.460477
0.817869 0.175803
0.026064 0.942776
0.388270 0.132118
0.825309 0.857983
0.697593 0.651274
0.436776 0.496503
0.721389 0.523654
0.302097 0.402530
0.144665 0.860500
0.564738 0.100553
0.630719 0.481537
0.325590 0.952579
0.733432 0.089916
0.363368 0.424718
0.090566 0.670897
0.990819 0.265358
0.328695 0.998425
0.661815 0.219353
0.568488 0.351928
0.043715 0.902770
0.248823 0.034498
0.380230 0.937943
0.034711 0.378162
0.178251 0.034843
0.875616 0.971015
0.580813 0.369379
0.913281 0.637572
0.470291 0.890064
0.179336 0.800322
0.912283 0.790941
0.812521 0.609530
0.900323 0.027494
0.231508 0.944445
0.640057 0.509481
0.621690 0.497163
0.611337 0.110976
0.236482 0.017453
0.512553 0.226208
0.182390 0.921935
0.945293 0.555974
0.624551 0.625691
0.292310 0.901076
0.020060 0.168293
0.542705 0.105305
0.920883 0.704747
0.638796 0.086381
0.230404 0.321209
0.409384 0.106553
0.716173 0.834031
0.706559 0.744680
0.736510 0.012368
0.006006 0.521463
0.837311 0.057627
0.381556 0.519814
0.539237 0.469330
0.511788 0.941638
0.067652 0.162390
0.773771 0.721342
0.714243 0.685283
0.898087 0.001127
0.918376 0.344131
0.226483 0.365413
0.580313 0.442655
0.574665 0.543901
0.630414 0.889229
0.541687 0.976396
0.392380 0.330053
0.502711 0.771235
0.134535 0.985234
0.839058 0.034571
0.071833 0.084206
0.320619 0.161726
0.052889 0.981675
0.695637 0.710775
0.234658 0.785434
0.798492 0.169013
0.381693 0.373213
0.797725 0.360366
0.556015 0.408030
0.968085 0.697810
0.754875 0.143299
0.829783 0.314419
0.540768 0.065075
0.267766 0.355768
0.053723 0.443574
0.561998 0.970202
0.090271 0.017243
0.504105 0.233783
0.984997 0.605635
0.478654 0.799632
0.368936 0.651629
0.072565 0.125020
0.177600 0.299796
0.822566 0.687749
0.040505 0.945048
0.944057 0.090236
0.133929 0.502179
0.108263 0.366414
0.098529 0.813984
0.305070 0.854112
0.936674 0.066089
0.729651 0.803489
0.078735 0.468057
0.687714 0.084297
0.704525 0.807958
0.520999 0.559725
0.921523 0.963540
0.055917 0.293909
0.984432 0.290064
0.077396 0.359342
0.329352 0.629422
0.413607 0.578386
0.477513 0.703046
0.922699 0.305226
0.536405 0.674854
0.815036 0.711306
0.774838 0.859281
0.275786 0.182148
0.349295 0.925305
0.724421 0.732321
0.469398 0.360889
0.840327 0.161677
0.372808 0.617740
0.193327 0.458746
0.744621 0.802418
0.688129 0.351530
0.977473 0.442657
0.471246 0.752203
0.290036 0.759272
0.701551 0.589011
0.290427 0.087412
0.223852 0.868586
0.202061 0.034047
0.832192 0.119510
0.752660 0.726242
0.557876 0.921203
0.755349 0.808674
0.616722 0.678338
0.986871 0.014542
0.247392 0.466373
0.171563 0.946895
0.362284 0.085768
0.967543 0.257648
0.049050 0.096863
0.441562 0.613741
0.156371 0.454333
0.238662 0.361507
0.280976 0.320119
0.717339 0.572473
0.805537 0.568306
0.858264 0.470133
0.861245 0.736434
0.365237 0.939059
0.679618 0.062279
0.480524 0.023212
0.167949 0.778550
0.521375 0.701931
0.691299 0.787397
0.353541 0.209888
0.667344 0.653655
0.943239 0.606893
0.543410 0.599881
0.610243 0.759545
0.350529 0.938407
0.553385 0.949367
0.679232 0.219676
0.069145 0.108638
0.503933 0.604162
0.072566 0.622333
0.288745 0.038870
0.434805 0.165541
0.658614 0.539928
0.491170 0.019681
0.881859 0.321427
0.648868 0.809932
0.921493 0.801718
0.378168 0.808854
0.039180 0.204812
0.681419 0.620491
0.862480 0.456942
0.902152 0.133411
0.204323 0.887474
0.327364 0.198300
0.269280 0.541384
0.639008 0.666655
0.603415 0.370174
0.188311 0.859365
0.451930 0.559963
0.799497 0.934078
0.700758 0.724175
0.469387 0.907411
0.541309 0.149140
0.867800 0.747398
0.770195 0.240331
0.136429 0.788005
0.887543 0.353378
0.537995 0.401759
0.097850 0.791818
0.285416 0.100284
0.237438 0.993375
0.747199 0.089066
0.069072 0.793389
0.273530 0.703610
0.806096 0.659627
0.469420 0.763321
0.589633 0.742500
0.615704 0.285151
0.122657 0.478810
0.052278 0.280905
0.765974 0.366780
0.171989 0.496411
0.997422 0.883539
0.945504 0.951390
0.023116 0.462260
0.127628 0.332789
0.285173 0.228669
0.555532 0.469818
0.264562 0.935517
0.254821 0.265933
0.990797 0.559070
0.847807 0.325936
0.235388 0.726508
0.137710 0.589025
0.685356 0.940638
0.790944 0.146228
0.758810 0.407433
0.344456 0.050395
0.093586 0.163681
0.631817 0.743317
0.779221 0.520808
0.022422 0.599494
0.338167 0.784383
0.895873 0.425906
0.998145 0.830769
0.628842 0.787793
0.982830 0.179322
0.811262 0.459526
0.924702 0.927780
0.419223 0.663853
0.195440 0.173632
0.941378 0.301473
0.926621 0.530584
0.860271 0.272945
0.942577 0.519915
0.623717 0.955393
0.701410 0.477282
0.389400 0.392550
0.166658 0.385077
0.244875 0.810566
0.292744 0.806031
0.184548 0.020939
0.852404 0.177467
0.113164 0.133952
0.152841 0.523783
0.498440 0.565598
0.798238 0.387656
0.455553 0.396887
0.148022 0.159216
0.530835 0.546780
0.653744 0.592959
0.720712 0.396980
0.214938 0.626702
0.820094 0.570349
0.639072 0.545896
0.127530 0.016757
0.574438 0.404646
0.552618 0.245092
0.123537 0.802138
0.356226 0.864178
0.752838 0.643932
0.399386 0.696662
0.244157 0.316231
0.707297 0.529295
0.980050 0.365480
0.619841 0.880268
0.810377 0.442320
0.221376 0.378651
0.628739 0.693120
0.346974 0.712409
0.215977 0.614315
0.475462 0.340845
0.744869 0.669674
0.557152 0.727813
0.935244 0.263517
0.189286 0.270370
0.799359 0.226243
0.519547 0.982643
0.927033 0.713606
0.670955 0.164473
0.014494 0.545097
0.743245 0.114521
0.324525 0.612471
0.480822 0.181390
0.989046 0.511232
0.999930 0.229514
0.169327 0.794338
0.376326 0.504046
0.776470 0.140249
0.031891 0.565561
0.694966 0.750893
0.686324 0.497957
0.440825 0.923149
0.328742 0.539569
0.965841 0.497015
0.881525 0.491766
0.713625 0.379206
0.886456 0.744444
0.867978 0.248696
0.932683 0.024380
0.783495 0.154659
0.073255 0.855591
0.542271 0.519115
0.141561 0.066895
0.208262 0.344507
0.571035 0.833644
0.892825 0.802755
0.143366 0.409396
0.175209 0.516662
0.025557 0.782596
0.637882 0.530823
0.133060 0.273620
0.966514 0.517662
0.498152 0.285346
0.320816 0.926927
0.815838 0.831327
0.927397 0.763248
0.711941 0.011717
0.511691 0.376841
0.581695 0.077073
0.423549 0.753175
0.555768 0.146231
0.194548 0.945467
0.773492 0.778865
0.548777 0.691018
0.417261 0.708264
0.663035 0.053922
0.789570 0.290658
0.110114 0.884593
0.581985 0.624804
0.116232 0.236921
0.910232 0.668481
0.781568 0.912278
0.197850 0.716999
0.213399 0.709950
0.731448 0.444545
0.076264 0.172509
0.584303 0.327137
0.825090 0.742654
0.007514 0.768815
0.159158 0.584016
0.430036 0.449389
0.071806 0.489054
0.087004 0.729256
0.332308 0.456731
0.475366 0.476996
0.377707 0.999289
0.649409 0.059951
0.180743 0.382528
0.505927 0.895993
0.284609 0.578961
0.992703 0.933761
0.541751 0.733442
0.391644 0.782706
0.242749 0.280558
0.897507 0.610451
0.205447 0.947417
0.575459 0.141345
0.326804 0.352610
0.458510 0.295485
0.757118 0.984366
0.451361 0.212300
0.658566 0.160923
0.702647 0.577739
0.245095 0.656981
0.813001 0.311517
0.220540 0.195152
0.311425 0.652781
0.373750 0.825410
0.484591 0.868989
0.608822 0.845980
0.036051 0.435983
0.893170 0.302862
0.337495 0.499263
0.302968 0.189401
0.638852 0.646515
0.030130 0.587710
0.658821 0.070722
0.882294 0.708928
0.509681 0.818106
0.056820 0.264680
0.638921 0.450151
0.744279 0.247915
0.567417 0.888156
0.218833 0.764854
0.730637 0.676816
0.466657 0.253850
0.206404 0.559590
0.413823 0.777184
0.407335 0.351047
0.888891 0.050381
0.484535 0.809971
0.444674 0.544043
0.250088 0.445735
0.188483 0.646484
0.232932 0.138306
0.051731 0.772312
0.707023 0.617854
0.543934 0.032246
0.571461 0.959598
0.829736 0.392049
0.810551 0.322240
0.657467 0.109954
0.273156 0.095016
0.187896 0.152870
0.106810 0.493791
0.062788 0.534194
0.549415 0.835702
0.456996 0.654810
0.975025 0.721964
0.646655 0.043526
0.597168 0.491737
0.950913 0.592858
0.252296 0.770255
0.912884 0.402061
0.931720 0.672515
0.930032 0.729874
0.591813 0.110655
0.474485 0.625942
0.641242 0.887684
0.074238 0.648376
0.207007 0.640009
0.055948 0.718254
0.690491 0.061688
0.386190 0.870497
0.738893 0.961096
0.505241 0.646381
0.968111 0.078827
0.195237 0.752588
0.530569 0.902201
0.484564 0.976665
0.613369 0.514317
0.670431 0.920022
0.165621 0.232947
0.784227 0.271111
0.834044 0.764717
0.201089 0.867115
0.602290 0.433152
0.318623 0.303319
0.100574 0.954028
0.878131 0.561652
0.146189 0.723181
0.095764 0.524319
0.018282 0.122331
0.098422 0.144579
0.322323 0.801388
0.127995 0.048054
0.222070 0.214774
0.571454 0.431926
0.219113 0.485475
0.282418 0.480053
0.684167 0.198032
0.159290 0.875038
0.574686 0.378140
0.763942 0.055384
0.692829 0.568426
0.719265 0.789222
0.878689 0.668648
0.314854 0.368147
0.451826 0.914985
0.517923 0.088583
0.588372 0.651779
0.427640 0.845109
0.015299 0.750098
0.819978 0.111761
0.960112 0.419199
0.046278 0.517400
0.164619 0.821053
0.766443 0.153464
0.849808 0.291807
0.723020 0.503762
0.742196 0.198713
0.810913 0.848227
0.155882 0.695215
0.623609 0.000449
0.495447 0.414267
0.054798 0.568523
0.866879 0.955127
0.037949 0.137785
0.325113 0.909973
0.924657 0.942026
0.453397 0.192933
0.138247 0.480576
0.064915 0.866541
0.163027 0.401156
0.707351 0.406581
0.755883 0.858923
0.838550 0.676259
0.520654 0.952253
0.125648 0.588035
0.216685 0.034484
0.998811 0.377636
0.164761 0.261621
0.312828 0.194588
0.440107 0.996964
0.414735 0.512688
0.962782 0.024773
0.001147 0.531622
0.787634 0.243199
0.916706 0.578541
0.650592 0.259607
0.729389 0.339188
0.012756 0.008913
0.388561 0.886975
0.942693 0.330928
0.383982 0.487581
0.307500 0.795173
0.162686 0.569453
0.700458 0.691453
0.869248 0.031737
0.701271 0.338294
0.976579 0.649651
0.057930 0.425410
0.472805 0.955868
0.571389 0.036739
0.803490 0.336983
0.581650 0.640989
0.552660 0.023801
0.437175 0.220860
0.419310 0.888771
0.574747 0.249445
0.438724 0.400735
0.861293 0.908812
0.676143 0.383473
0.328271 0.816158
0.660464 0.237110
0.237200 0.192994
0.778977 0.970266
0.288516 0.051789
0.673908 0.582116
0.132601 0.690779
0.018937 0.111766
0.950502 0.255558
0.438359 0.246524
0.867515 0.389344
0.090770 0.331384
0.776290 0.827830
0.055975 0.305750
0.735943 0.414481
0.278427 0.281362
0.418354 0.031714
0.426891 0.053454
0.937590 0.943608
0.571516 0.770530
0.871449 0.349795
0.662081 0.359255
0.164996 0.612867
0.081243 0.947845
0.499538 0.699297
0.304582 0.951320
0.913547 0.057241
0.312958 0.228291
0.866425 0.871223
0.862174 0.234890
0.359076 0.501451
0.547793 0.480078
0.836118 0.198143
0.136329 0.033477
0.783827 0.793878
0.653307 0.692019
0.042147 0.934631
0.598755 0.139418
0.577390 0.506986
0.417234 1.008962
0.201192 1.000180
0.613520 1.009681
0.898087 1.001127
0.623609 1.000449
0.012756 1.008913
1.009805 0.868563
1.006006 0.521463
1.007514 0.768815
1.001147 0.531622
