-0.007106 0.773078
-0.002883 0.714307
0.054022 -0.001856
0.276672 -0.001560
0.022309 -0.002325
0.846882 -0.002276
0.186843 0.237704
0.919625 0.081660
0.695914 0.188683
0.817070 0.324381
0.800402 0.815938
0.317045 0.203282
0.161479 0.911362
0.707277 0.120678
0.640383 0.148950
0.081501 0.744787
0.192911 0.000707
0.021632 0.402198
0.591110 0.047134
0.003167 0.576378
0.350546 0.162302
0.623241 0.551040
0.849423 0.401395
0.054022 0.998144
0.043258 0.125975
0.458125 0.802324
0.403748 0.754779
0.339803 0.343944
0.612137 0.940608
0.177159 0.117560
0.458721 0.976384
0.793503 0.157044
0.790028 0.717190
0.305595 0.143576
0.992894 0.773078
0.513236 0.378190
0.266309 0.596823
0.107885 0.683440
0.206239 0.888389
0.618593 0.035653
0.849425 0.139910
0.230725 0.375598
0.203095 0.667364
0.125272 0.837356
0.702801 0.294082
0.752997 0.835649
0.271649 0.524774
0.009992 0.742271
0.967452 0.976095
0.663508 0.419750
0.008475 0.362943
0.689644 0.404637
0.236858 0.956744
0.246547 0.038071
0.263306 0.807070
0.796613 0.126834
0.128315 0.065221
0.829965 0.586604
0.339317 0.757696
0.678122 0.270389
0.613664 0.476206
0.200779 0.588495
0.859860 0.739586
0.848393 0.514583
0.341103 0.181199
0.081830 0.463069
0.091349 0.589521
0.840339 0.040552
0.384850 0.529906
0.648344 0.109254
0.757738 0.394061
0.035316 0.062574
0.761307 0.087062
0.062910 0.640136
0.904884 0.410024
0.781693 0.505994
0.262406 0.379200
0.472542 0.719774
0.579472 0.467566
0.258757 0.643356
0.739655 0.021821
0.649107 0.888045
0.899797 0.294081
0.812785 0.567494
0.933047 0.798510
0.276672 0.998440
0.726772 0.286611
0.591552 0.749114
0.450236 0.041102
0.955692 0.483106
0.083204 0.053213
0.630885 0.304867
0.740228 0.562932
0.712467 0.645665
0.306853 0.543580
0.797506 0.678071
0.973903 0.660244
0.246552 0.450802
0.251942 0.760499
0.522211 0.108614
0.686299 0.662555
0.905743 0.489806
0.463341 0.663417
0.937509 0.326865
0.023212 0.773083
0.084870 0.535649
0.798365 0.547524
0.802823 0.315577
0.396500 0.470662
0.264029 0.777337
0.494089 0.626914
0.512241 0.844484
0.801001 0.495673
0.867136 0.497111
0.961799 0.072833
0.377426 0.590923
0.215851 0.676436
0.667109 0.754904
0.781240 0.615839
0.809909 0.290084
0.260202 0.060246
0.721928 0.446056
0.123879 0.708518
0.981921 0.439173
0.171681 0.007960
0.277198 0.447194
0.043887 0.655370
0.031445 0.861233
0.196094 0.230992
0.093668 0.915506
0.162854 0.353449
0.081423 0.596582
0.986696 0.163752
0.944747 0.462052
0.888940 0.031806
0.712155 0.856124
0.289137 0.620482
0.980286 0.507562
0.811583 0.689113
0.036642 0.112679
0.986959 0.259618
0.071766 0.015937
0.499250 0.212841
0.329814 0.516173
0.413392 0.542996
0.047200 0.275055
0.617125 0.397193
0.706848 0.387473
0.125599 0.356002
0.838023 0.718994
0.566647 0.279683
0.585333 0.389153
0.173213 0.024247
0.914601 0.846234
0.870763 0.752342
0.612079 0.201024
0.257091 0.009588
0.030492 0.691452
0.272204 0.098666
0.381469 0.633345
0.341023 0.630938
0.653144 0.916665
0.718189 0.112940
0.685025 0.237834
0.878212 0.629586
0.056543 0.699652
0.430507 0.234610
0.663722 0.591386
0.755558 0.326978
0.108581 0.878328
0.328427 0.981540
0.592181 0.259507
0.352293 0.487402
0.276685 0.802067
0.265914 0.190356
0.743233 0.679533
0.700893 0.163979
0.153003 0.163257
0.811291 0.822864
0.877562 0.118951
0.641177 0.562427
0.468736 0.485880
0.515795 0.388461
0.384297 0.204799
0.108758 0.715041
0.022309 0.997675
0.075922 0.392316
0.332060 0.653643
0.493283 0.023318
0.040732 0.403945
0.469138 0.953819
0.288967 0.658367
0.667151 0.009961
0.716089 0.471758
0.369553 0.945655
0.245851 0.793381
0.903756 0.907446
0.225576 0.334136
0.016859 0.417574
0.816227 0.841038
0.084058 0.969789
0.151147 0.775998
0.502416 0.725189
0.781529 0.952114
0.608593 0.304292
0.895436 0.357811
0.436624 0.706524
0.894493 0.109877
0.872282 0.087325
0.215694 0.007543
0.394837 0.674003
0.789565 0.519205
0.555524 0.493536
0.935349 0.891754
0.583566 0.514620
0.132418 0.103859
0.820622 0.106948
0.360379 0.757811
0.867961 0.076719
0.566610 0.345948
0.171508 0.827763
0.592392 0.815088
0.341470 0.901904
0.116345 0.591515
0.645342 0.060499
0.813281 0.958598
0.758701 0.491899
0.592951 0.372795
0.148059 0.291835
0.636930 0.449296
0.866877 0.693656
0.603779 0.390583
0.471877 0.288939
0.974555 0.081189
0.428003 0.081560
0.852815 0.883902
0.226253 0.478861
0.638627 0.406195
0.090950 0.701395
0.783787 0.685066
0.699508 0.330766
0.673303 0.820879
0.884221 0.782667
0.466244 0.788048
0.274103 0.067377
0.984357 0.465789
0.149328 0.372703
0.403533 0.558662
0.794802 0.266290
0.363157 0.120555
0.517158 0.795212
0.903326 0.140543
0.226574 0.306644
0.373555 0.381916
0.736119 0.810441
0.751175 0.202595
0.052002 0.971225
0.010802 0.511364
0.145452 0.537490
0.895501 0.453920
0.168681 0.375856
0.267634 0.986065
0.898959 0.630659
0.310328 0.558933
0.774207 0.082168
0.144797 0.087861
0.888715 0.405303
0.551325 0.086438
0.777092 0.128303
0.114458 0.565091
0.968171 0.423662
0.498901 0.786436
0.473084 0.339449
0.627812 0.125368
0.557703 0.917871
0.337321 0.327697
0.576595 0.688185
0.626077 0.929764
0.331380 0.416873
0.335813 0.237780
0.400223 0.953906
0.193229 0.608201
0.154563 0.256728
0.799592 0.233753
0.369947 0.317434
0.630185 0.232338
0.712965 0.075888
0.970328 0.404118
0.830686 0.285845
0.015000 0.576059
0.057563 0.604476
0.617179 0.782737
0.545023 0.474010
0.331730 0.280469
0.850352 0.211333
0.135190 0.562783
0.686947 0.362639
0.686937 0.344585
0.829149 0.660914
0.355323 0.081616
0.600665 0.897199
0.952959 0.430940
0.921719 0.560228
0.935428 0.000508
0.432381 0.605211
0.790169 0.973332
0.846882 0.997724
0.027744 0.947399
0.104190 0.561136
0.765313 0.539687
0.471948 0.707575
0.275274 0.469842
0.864516 0.588336
0.986713 0.940638
0.947233 0.567017
0.012228 0.312115
0.872769 0.167150
0.864377 0.660764
0.109226 0.973788
0.204363 0.542772
0.435794 0.191784
0.667446 0.300987
0.056925 0.070175
0.671961 0.545199
0.485005 0.564285
0.808798 0.795490
0.112205 0.501067
0.069766 0.866925
0.878780 0.891178
0.637010 0.700833
0.397580 0.779999
0.279028 0.126771
0.859886 0.989544
0.654267 0.050049
0.828397 0.919676
0.085729 0.926236
0.887859 0.242666
0.399819 0.104261
0.956326 0.174879
0.509174 0.422924
0.634418 0.546822
0.129094 0.495183
0.603745 0.087608
0.215408 0.362351
0.230179 0.140240
0.567362 0.101463
0.945900 0.364856
0.635070 0.965922
0.534318 0.032645
0.334014 0.083891
0.788032 0.402872
0.661538 0.278765
0.493517 0.741873
0.469181 0.887268
0.585520 0.857021
0.579717 0.953253
0.338158 0.316673
0.738529 0.148834
0.150635 0.747024
0.166651 0.798562
0.982759 0.673133
0.286265 0.269436
0.506226 0.572078
0.432980 0.127115
0.159586 0.216945
0.294003 0.780584
0.323754 0.571123
0.624333 0.337363
0.997117 0.714307
0.606002 0.354466
0.193662 0.220276
0.060819 0.783294
0.174204 0.202089
0.213782 0.227567
0.729244 0.712712
0.229018 0.399460
0.587294 0.495092
0.957024 0.891774
0.723783 0.091086
0.315616 0.180651
0.104648 0.280371
0.202988 0.741161
0.958076 0.924104
0.514270 0.352269
0.635346 0.274720
0.339457 0.799067
0.237926 0.190198
0.873220 0.010717
0.192911 1.000707
0.171681 1.007960
0.257091 1.009588
0.667151 1.009961
0.215694 1.007543
0.935428 1.000508
1.003167 0.576378
1.009992 0.742271
1.008475 0.362943
