-0.000953 0.584282
-0.006040 0.324619
-0.009713 0.439902
-0.008730 0.363377
-0.003855 0.704611
-0.000601 0.418096
-0.000291 0.548969
-0.006618 0.342612
-0.001603 0.513527
0.576445 -0.009884
0.225613 -0.003415
0.942704 -0.008691
0.741532 -0.000831
0.084442 -0.009509
0.945758 0.216976
0.686742 0.466477
0.255836 0.836834
0.291310 0.116063
0.382529 0.212755
0.508565 0.520049
0.919016 0.945188
0.950290 0.496446
0.576445 0.990116
0.568953 0.614021
0.150014 0.307069
0.726161 0.564111
0.145733 0.551566
0.625230 0.683509
0.673606 0.293887
0.142130 0.963345
0.570543 0.204908
0.263798 0.090771
0.678524 0.941481
0.153199 0.667309
0.781648 0.901205
0.509163 0.383629
0.751847 0.453342
0.570415 0.323430
0.268421 0.730868
0.007268 0.648287
0.204527 0.654494
0.276665 0.858591
0.391248 0.725226
0.282532 0.391759
0.279746 0.565736
0.376990 0.129411
0.152574 0.707379
0.267743 0.835148
0.170695 0.677094
0.243040 0.647384
0.334256 0.461712
0.706517 0.356653
0.307578 0.740834
0.783943 0.535627
0.213867 0.383498
0.601300 0.808661
0.095068 0.767734
0.873432 0.830975
0.917110 0.409186
0.883487 0.477645
0.031321 0.957773
0.552903 0.284079
0.399100 0.319888
0.734814 0.605978
0.665891 0.836443
0.084362 0.695041
0.343000 0.753045
0.131326 0.720958
0.025025 0.404617
0.858161 0.821486
0.333539 0.652070
0.390550 0.442073
0.601141 0.988871
0.074560 0.356307
0.206071 0.403204
0.361199 0.786782
0.545364 0.709715
0.524976 0.583983
0.220332 0.682591
0.334189 0.689491
0.975103 0.705727
0.598975 0.171305
0.843019 0.489995
0.259602 0.204023
0.917277 0.774075
0.800915 0.128680
0.333403 0.339104
0.225613 0.996585
0.227623 0.272208
0.348416 0.367318
0.540791 0.548787
0.106478 0.485379
0.375209 0.534326
0.761978 0.570820
0.161992 0.196510
0.030267 0.491185
0.117040 0.553656
0.369068 0.413778
0.305374 0.369685
0.291671 0.873625
0.643063 0.751287
0.818723 0.810038
0.389798 0.044230
0.024134 0.871861
0.905990 0.316896
0.760938 0.648907
0.822987 0.851519
0.277279 0.114498
0.609327 0.156185
0.053278 0.375522
0.935778 0.203308
0.429632 0.503425
0.200289 0.627554
0.018723 0.817839
0.337780 0.177137
0.272767 0.677832
0.447600 0.897212
0.297855 0.945040
0.435998 0.810099
0.621821 0.361700
0.058583 0.748761
0.999047 0.584282
0.204530 0.766572
0.993960 0.324619
0.740609 0.751312
0.735221 0.674497
0.990287 0.439902
0.704009 0.869286
0.064188 0.186276
0.560470 0.089445
0.424055 0.050988
0.201379 0.144376
0.460590 0.801212
0.111682 0.383543
0.843109 0.433619
0.991270 0.363377
0.771030 0.668710
0.140241 0.096631
0.974069 0.148339
0.356144 0.170184
0.773420 0.753597
0.200832 0.886557
0.440069 0.438720
0.683869 0.111643
0.553821 0.970082
0.603252 0.653947
0.668608 0.434114
0.509997 0.229979
0.551384 0.590281
0.214975 0.702068
0.880244 0.265223
0.842299 0.805035
0.365821 0.732036
0.326673 0.397205
0.101284 0.271216
0.030589 0.661896
0.906455 0.375660
0.257824 0.875616
0.746168 0.266520
0.363382 0.774520
0.850211 0.668170
0.276614 0.214753
0.535947 0.638213
0.040039 0.937342
0.769712 0.393612
0.637750 0.564516
0.351810 0.214927
0.996145 0.704611
0.525261 0.413982
0.209567 0.805293
0.403729 0.102894
0.873320 0.615885
0.623856 0.296979
0.683958 0.424783
0.730889 0.632945
0.914823 0.265801
0.008181 0.727868
0.809734 0.376602
0.319659 0.893321
0.467660 0.922059
0.672307 0.124686
0.455641 0.337181
0.805028 0.526172
0.097615 0.454548
0.961846 0.447259
0.158640 0.583216
0.954587 0.847203
0.086257 0.857425
0.942704 0.991309
0.810548 0.247976
0.266324 0.105499
0.289658 0.161336
0.734694 0.442716
0.741532 0.999169
0.824710 0.576865
0.492632 0.233682
0.153730 0.718162
0.600566 0.514161
0.841558 0.283672
0.500974 0.106867
0.876775 0.762103
0.811854 0.478321
0.284830 0.453459
0.287340 0.357383
0.613112 0.414529
0.921378 0.321078
0.751011 0.205397
0.303661 0.268658
0.693142 0.166851
0.531561 0.201309
0.157170 0.756945
0.914743 0.219757
0.168698 0.799184
0.611404 0.773494
0.590603 0.163707
0.371432 0.901978
0.410454 0.830105
0.973436 0.561048
0.683836 0.545784
0.749088 0.643354
0.145898 0.838016
0.130128 0.686559
0.940306 0.455358
0.111384 0.061614
0.776188 0.002714
0.606765 0.356901
0.394590 0.396591
0.726058 0.905234
0.782628 0.326905
0.108908 0.885964
0.587308 0.781286
0.080462 0.828752
0.153471 0.061486
0.589883 0.465559
0.462368 0.909336
0.159438 0.793980
0.672731 0.918995
0.255107 0.622201
0.376013 0.358952
0.028651 0.767375
0.237384 0.665913
0.748491 0.728439
0.814288 0.740083
0.644517 0.099002
0.999399 0.418096
0.075980 0.741253
0.999709 0.548969
0.636650 0.546074
0.284415 0.657726
0.683085 0.455128
0.084442 0.990491
0.039349 0.741321
0.586935 0.956611
0.399871 0.513642
0.793340 0.395412
0.160659 0.569453
0.597165 0.820855
0.993382 0.342612
0.000621 0.063048
0.465959 0.987232
0.039544 0.366574
0.170030 0.866659
0.638185 0.887071
0.764859 0.485279
0.068472 0.517868
0.406165 0.581705
0.966366 0.962553
0.998397 0.513527
0.722004 0.145835
0.776188 1.002714
1.007268 0.648287
1.008181 0.727868
1.000621 0.063048
