-0.006740 0.513111
0.778874 0.278815
0.517827 0.263957
0.618793 0.415897
0.318454 0.300510
0.463315 0.822366
0.449306 0.957742
0.448445 0.069190
0.191143 0.557162
0.947086 0.615027
0.813711 0.564580
0.537844 0.009012
0.288770 0.654967
0.871808 0.712923
0.734042 0.753852
0.062609 0.778434
0.016632 0.349494
0.667895 0.582582
0.793615 0.080122
0.075888 0.499372
0.174937 0.088348
0.212261 0.552381
0.088702 0.076123
0.939895 0.508093
0.983359 0.719128
0.713150 0.293919
0.945053 0.405739
0.099457 0.040228
0.395109 0.597861
0.011009 0.300446
0.347488 0.688188
0.336791 0.126827
0.533033 0.904247
0.282731 0.527607
0.794798 0.304549
0.014585 0.744972
0.284813 0.927989
0.137734 0.285692
0.538151 0.337508
0.813702 0.523297
0.186109 0.880455
0.055614 0.537498
0.631466 0.880476
0.754162 0.373989
0.846881 0.493554
0.131891 0.461014
0.115335 0.287672
0.405151 0.070085
0.390720 0.764943
0.934838 0.938720
0.310107 0.647693
0.919172 0.646075
0.183455 0.850003
0.978369 0.324915
0.254410 0.568621
0.732944 0.629315
0.027508 0.295785
0.120945 0.143700
0.732896 0.461119
0.533645 0.289170
0.840359 0.158501
0.022928 0.599370
0.648457 0.488953
0.993260 0.513111
0.382917 0.546088
0.537844 1.009012
