0.321394 0.378806
0.718969 0.193064
0.489987 0.120771
0.139920 0.947195
0.630943 0.438656
0.707762 0.529646
0.652427 0.778184
0.618018 0.502087
0.485372 0.110150
0.916550 0.432619
0.426998 0.029286
0.510426 0.963703
0.275350 0.743411
0.116803 0.769331
0.765719 0.540766
0.169318 0.930120
0.208209 0.019761
0.601611 0.607371
0.468855 0.596314
0.723459 0.408111
0.597614 0.425710
0.121842 0.349953
0.546746 0.127099
0.081497 0.289457
0.676816 0.457042
0.499215 0.058478
0.073606 0.337877
0.336071 0.984960
0.751664 0.646531
0.882865 0.511890
0.376203 0.883762
0.245762 0.164003
0.658604 0.255618
0.157603 0.276606
0.228652 0.670118
0.981666 0.256149
0.619173 0.971829
0.492171 0.301027
0.597097 0.543383
0.129771 0.552219
0.149064 0.258549
0.528712 0.813377
0.718534 0.500819
0.893981 0.950717
0.462355 0.287597
0.926367 0.496328
0.877330 0.213238
0.114401 0.124316
0.574103 0.466372
0.374039 0.754615
0.455602 0.706028
0.929508 0.820466
0.039848 0.966189
0.887968 0.638774
0.010954 0.977259
0.385528 0.399659
0.510288 0.551630
0.958893 0.855401
0.476705 0.877816
0.389878 0.049163
0.307435 0.320210
0.461296 0.488134
0.706741 0.367297
0.941439 0.268188
0.745396 0.909073
0.584553 0.906503
0.056683 0.556736
0.002961 0.153156
0.407491 0.233446
0.535314 0.311606
0.708634 0.587061
0.239191 0.064059
0.003369 0.189073
0.491204 0.616469
0.122776 0.133032
0.314181 0.087855
0.408793 0.282319
0.630590 0.219755
0.654254 0.193468
0.094600 0.918360
0.558240 0.417641
0.110447 0.552744
0.111281 0.236022
0.138654 0.328240
0.346442 0.928757
0.888317 0.790044
0.074470 0.419797
0.396724 0.412931
0.973954 0.237895
0.108576 0.800029
0.801644 0.960596
0.765749 0.608232
0.989042 0.562556
0.495888 0.253041
0.195961 0.492735
0.710884 0.987619
0.334620 0.220165
0.345280 0.091606
0.631601 0.378188
0.887363 0.426527
0.890774 0.224230
0.796930 0.858281
0.427096 0.588860
0.091699 0.250583
0.593771 0.520579
0.914054 0.663293
0.499653 0.634803
0.086360 0.040807
0.751564 0.323757
0.066491 0.923257
0.054361 0.067943
0.573534 0.439199
0.027369 0.049699
0.238553 0.127301
0.630329 0.476414
0.109997 0.435432
0.901879 0.565834
0.730644 0.980960
0.588209 0.503161
0.531594 0.606287
0.722586 0.435215
0.646525 0.176695
0.876476 0.251690
0.356484 0.303346
0.967760 0.192292
0.097864 0.693790
0.096024 0.199386
1.002961 0.153156
1.003369 0.189073
