-0.000860 0.283053
-0.002296 0.488388
-0.001178 0.374543
-0.008514 0.775035
-0.008218 0.754407
-0.006333 0.314808
0.480692 -0.000593
0.660977 -0.009937
0.604389 -0.003683
0.839438 0.484634
0.233479 0.220535
0.189132 0.850491
0.843905 0.528317
0.664871 0.369616
0.317438 0.810324
0.102623 0.212763
0.446422 0.386551
0.774648 0.474231
0.796791 0.024859
0.999140 0.283053
0.767825 0.035064
0.870359 0.742945
0.109293 0.866617
0.821526 0.003792
0.660263 0.632365
0.210481 0.434947
0.933109 0.457283
0.110029 0.679891
0.971732 0.435377
0.237959 0.887421
0.952771 0.391655
0.763328 0.100053
0.223862 0.102477
0.021421 0.516928
0.258686 0.033903
0.749682 0.541712
0.881948 0.561391
0.968690 0.752475
0.949283 0.738814
0.263525 0.087485
0.685885 0.810465
0.150807 0.313814
0.487028 0.703631
0.596085 0.054351
0.971161 0.574372
0.574443 0.577154
0.600920 0.136016
0.034933 0.413837
0.272949 0.689648
0.985591 0.246915
0.766348 0.666660
0.536316 0.900525
0.666921 0.543385
0.089272 0.027788
0.959793 0.732243
0.890660 0.895253
0.794324 0.535218
0.342401 0.280784
0.474461 0.008580
0.424800 0.717987
0.410536 0.604571
0.590882 0.978606
0.275977 0.042786
0.870653 0.887844
0.371951 0.148874
0.169315 0.162823
0.595221 0.851466
0.044113 0.590111
0.247793 0.218489
0.728445 0.183082
0.106938 0.453108
0.193715 0.371959
0.183761 0.886769
0.213487 0.542775
0.165275 0.448273
0.822608 0.472541
0.879506 0.656411
0.547909 0.518561
0.425358 0.812119
0.642030 0.184273
0.997704 0.488388
0.509235 0.764176
0.674589 0.725292
0.222260 0.383085
0.346163 0.841848
0.975266 0.282174
0.975571 0.602170
0.186945 0.463329
0.124167 0.699965
0.758415 0.479748
0.683121 0.718050
0.212783 0.140420
0.480692 0.999407
0.880798 0.038926
0.948633 0.892860
0.212325 0.981949
0.254547 0.626856
0.518767 0.494841
0.246604 0.063756
0.168444 0.664876
0.706078 0.858070
0.269826 0.022469
0.558130 0.198975
0.920241 0.275098
0.228960 0.518150
0.256060 0.016149
0.976486 0.898780
0.959210 0.844526
0.380965 0.089602
0.732737 0.682574
0.435169 0.143204
0.307105 0.680317
0.503945 0.734657
0.648020 0.067831
0.460456 0.560741
0.656193 0.812220
0.776364 0.296572
0.180237 0.841915
0.654456 0.607938
0.477456 0.611579
0.378281 0.866344
0.480264 0.461018
0.301627 0.554696
0.575960 0.144194
0.721225 0.200087
0.279534 0.698644
0.190604 0.421930
0.813761 0.328457
0.480585 0.066992
0.082046 0.317459
0.314578 0.338095
0.654030 0.420220
0.832084 0.874214
0.549693 0.338014
0.541983 0.250724
0.368172 0.849717
0.865263 0.074113
0.944985 0.015317
0.079272 0.753844
0.372866 0.209426
0.836255 0.858092
0.772724 0.348092
0.967610 0.325096
0.564109 0.221389
0.587084 0.316707
0.704952 0.071769
0.091034 0.184738
0.192568 0.156473
0.272362 0.182719
0.035301 0.070960
0.022447 0.613275
0.270941 0.469674
0.175721 0.811093
0.917746 0.748218
0.779646 0.365471
0.963155 0.354969
0.422376 0.514248
0.335834 0.114558
0.786756 0.475336
0.143630 0.486456
0.906939 0.439582
0.657547 0.460565
0.115912 0.349116
0.166576 0.874591
0.735092 0.069898
0.149226 0.939616
0.880934 0.324673
0.463228 0.717829
0.428449 0.535942
0.950284 0.498041
0.817509 0.735727
0.158199 0.791625
0.013683 0.723489
0.492443 0.337404
0.754817 0.706491
0.442562 0.821593
0.816027 0.816173
0.501060 0.163721
0.584023 0.909120
0.289630 0.354190
0.329793 0.727057
0.698356 0.278767
0.867155 0.085299
0.068314 0.968253
0.625075 0.770180
0.000656 0.559457
0.922122 0.445322
0.349265 0.513061
0.089281 0.763783
0.388393 0.147842
0.385067 0.272511
0.299247 0.011533
0.238876 0.461894
0.140840 0.375815
0.452617 0.526846
0.560457 0.328639
0.653676 0.791405
0.810899 0.682928
0.282565 0.520660
0.551810 0.481624
0.142411 0.341862
0.864924 0.246752
0.186474 0.526296
0.382607 0.844329
0.709010 0.685143
0.309834 0.014445
0.323577 0.749552
0.223198 0.955364
0.015563 0.812394
0.197126 0.253921
0.449655 0.582660
0.593706 0.967003
0.617212 0.617578
0.374049 0.694572
0.304677 0.378794
0.756655 0.507025
0.615049 0.402083
0.197995 0.504225
0.470114 0.139240
0.467780 0.479982
0.042160 0.091288
0.618374 0.755775
0.276122 0.533972
0.022586 0.823498
0.240969 0.652105
0.628912 0.159656
0.757103 0.331837
0.236280 0.710777
0.327275 0.515141
0.432110 0.798792
0.542866 0.917836
0.139274 0.901507
0.276282 0.943685
0.065041 0.550988
0.012119 0.140015
0.856040 0.638670
0.829884 0.699062
0.139786 0.668937
0.466678 0.925949
0.885138 0.706961
0.643402 0.256543
0.703547 0.735617
0.763792 0.394751
0.062275 0.700259
0.395615 0.835586
0.244223 0.961214
0.906725 0.318727
0.767245 0.755409
0.046907 0.862995
0.592463 0.079650
0.247111 0.846979
0.072290 0.814575
0.884314 0.370245
0.800345 0.810675
0.178550 0.694294
0.660977 0.990063
0.383515 0.730505
0.076199 0.074626
0.534885 0.384844
0.375226 0.972920
0.713075 0.345891
0.243755 0.755658
0.884885 0.346573
0.416689 0.224474
0.478228 0.499305
0.602914 0.285803
0.478191 0.580958
0.390836 0.920561
0.676390 0.291466
0.963630 0.016388
0.222067 0.828727
0.864858 0.927323
0.751464 0.442291
0.542609 0.875106
0.586490 0.883002
0.791177 0.512308
0.549912 0.639516
0.331146 0.328813
0.148411 0.727147
0.369139 0.606425
0.964327 0.720469
0.915345 0.727895
0.497689 0.637315
0.484724 0.411637
0.273816 0.884745
0.905238 0.457725
0.419484 0.551575
0.790396 0.058727
0.465780 0.774543
0.775617 0.454740
0.225752 0.936338
0.622821 0.733324
0.836394 0.594530
0.394788 0.618225
0.677167 0.017321
0.738938 0.054703
0.243256 0.729088
0.436224 0.001493
0.724354 0.767102
0.240689 0.035479
0.952299 0.530484
0.160420 0.362753
0.277614 0.580704
0.640866 0.118887
0.031292 0.480834
0.154103 0.926600
0.412229 0.403844
0.153173 0.875066
0.877336 0.092845
0.332592 0.693492
0.170896 0.345922
0.365071 0.341660
0.915388 0.171214
0.193373 0.966212
0.461039 0.734878
0.086795 0.215335
0.570570 0.323566
0.957258 0.590393
0.120142 0.276718
0.755146 0.847926
0.160877 0.426930
0.801657 0.206385
0.656937 0.290159
0.685802 0.308792
0.942700 0.238910
0.698780 0.139920
0.445182 0.646046
0.085118 0.512014
0.249177 0.375285
0.038352 0.265685
0.302191 0.206143
0.633700 0.715582
0.535503 0.074616
0.153360 0.683658
0.333781 0.841985
0.947992 0.751684
0.027190 0.744100
0.336756 0.801352
0.166903 0.636688
0.143242 0.820112
0.178481 0.179376
0.151676 0.434622
0.880000 0.499520
0.568013 0.087559
0.443955 0.704571
0.981806 0.358108
0.115318 0.260125
0.750068 0.764551
0.975703 0.883579
0.640914 0.904587
0.810721 0.606039
0.857352 0.156899
0.393268 0.280707
0.888470 0.305932
0.827063 0.183115
0.851052 0.296071
0.031165 0.370989
0.385176 0.856519
0.922539 0.256756
0.474590 0.743094
0.670821 0.063891
0.901822 0.720925
0.443295 0.172351
0.415940 0.000716
0.546541 0.564303
0.065067 0.386694
0.504965 0.868573
0.748513 0.745714
0.847937 0.237100
0.337530 0.964131
0.143513 0.103534
0.908646 0.115186
0.744369 0.724665
0.122221 0.984906
0.208144 0.249744
0.486240 0.292744
0.716499 0.574192
0.711025 0.100812
0.313876 0.928287
0.892930 0.598705
0.496647 0.825702
0.815781 0.141203
0.604664 0.790571
0.748586 0.009822
0.193402 0.384793
0.438757 0.892296
0.930286 0.602365
0.728976 0.894365
0.361839 0.203689
0.530281 0.927203
0.416364 0.268663
0.730739 0.534110
0.375113 0.382406
0.217159 0.845147
0.071739 0.362519
0.109587 0.913581
0.040509 0.227929
0.351238 0.890983
0.483962 0.209413
0.318153 0.899286
0.006987 0.173886
0.767739 0.175571
0.507340 0.293802
0.873250 0.823484
0.998822 0.374543
0.508095 0.748499
0.399915 0.931655
0.427686 0.042219
0.058854 0.843360
0.889984 0.058894
0.202493 0.087370
0.573073 0.436990
0.088812 0.775723
0.733927 0.145227
0.615829 0.798207
0.820231 0.368625
0.809937 0.060680
0.090751 0.805586
0.546981 0.895124
0.186859 0.832461
0.062640 0.600030
0.060072 0.233533
0.219706 0.259250
0.599285 0.694915
0.922128 0.655575
0.633643 0.401798
0.357842 0.453988
0.838934 0.390013
0.889676 0.811448
0.822252 0.864895
0.338745 0.063264
0.671310 0.944915
0.241606 0.350991
0.699740 0.488717
0.094067 0.831762
0.426678 0.256950
0.605893 0.577125
0.961447 0.063378
0.719434 0.902009
0.195184 0.897668
0.821606 0.665945
0.656676 0.535542
0.148039 0.615373
0.373915 0.438733
0.599165 0.877969
0.857254 0.441606
0.831620 0.292645
0.262604 0.582624
0.443121 0.446479
0.978698 0.791361
0.211472 0.948571
0.058551 0.023948
0.208484 0.294285
0.941759 0.063799
0.409576 0.947449
0.222861 0.047566
0.007223 0.219968
0.673441 0.131855
0.704347 0.384885
0.362164 0.962599
0.087569 0.255661
0.412618 0.703928
0.747978 0.037437
0.781344 0.316968
0.414422 0.087903
0.349376 0.129424
0.304327 0.946217
0.770128 0.821307
0.114783 0.203311
0.592598 0.010691
0.271813 0.660901
0.200750 0.685722
0.127040 0.519775
0.256774 0.159931
0.300660 0.735579
0.340175 0.044692
0.408185 0.322181
0.358314 0.054220
0.748508 0.079738
0.292543 0.416568
0.699782 0.229094
0.798983 0.760793
0.340753 0.231032
0.708782 0.406447
0.944985 0.653688
0.103404 0.780798
0.697469 0.107780
0.206342 0.933478
0.204706 0.040527
0.053294 0.687592
0.128639 0.941518
0.038981 0.705453
0.765833 0.701149
0.394765 0.893526
0.130738 0.835250
0.446772 0.921644
0.770402 0.215094
0.221952 0.447052
0.309707 0.818208
0.587280 0.871199
0.735474 0.702099
0.854332 0.133922
0.128502 0.457430
0.289503 0.670872
0.231663 0.209023
0.722842 0.828394
0.782489 0.646446
0.991486 0.775035
0.970443 0.145859
0.718058 0.287476
0.603067 0.468134
0.568635 0.915348
0.767465 0.372109
0.612179 0.849158
0.638596 0.497875
0.921640 0.347183
0.022079 0.048315
0.796152 0.970892
0.741655 0.278785
0.913982 0.784669
0.151814 0.421087
0.954843 0.189487
0.273417 0.053772
0.148429 0.080528
0.524147 0.778167
0.071494 0.661345
0.434867 0.394183
0.604389 0.996317
0.127800 0.197995
0.083270 0.585833
0.037921 0.103533
0.399159 0.537711
0.913781 0.362133
0.541705 0.182828
0.341503 0.851276
0.964331 0.536677
0.887617 0.749711
0.650747 0.868159
0.347779 0.330646
0.279682 0.857824
0.151102 0.552496
0.962792 0.301099
0.842147 0.779790
0.507600 0.582442
0.586463 0.420528
0.833088 0.155242
0.109350 0.523232
0.552819 0.163717
0.149374 0.060255
0.432518 0.489855
0.342580 0.013455
0.989916 0.433189
0.207442 0.202427
0.755968 0.944313
0.860479 0.406706
0.951387 0.469244
0.653448 0.213981
0.558710 0.956306
0.883753 0.971330
0.334832 0.769546
0.646107 0.448022
0.940273 0.978592
0.492181 0.441689
0.797656 0.120494
0.827361 0.746287
0.586822 0.302987
0.585088 0.574876
0.206471 0.057104
0.229534 0.989017
0.806389 0.042989
0.542398 0.264695
0.045584 0.875814
0.483950 0.194211
0.627811 0.368960
0.928358 0.898510
0.238620 0.334386
0.854289 0.015076
0.258464 0.721256
0.088504 0.862005
0.283776 0.547736
0.868318 0.488421
0.485556 0.731447
0.536971 0.986513
0.501552 0.049724
0.110463 0.471467
0.616871 0.114983
0.082571 0.019010
0.087226 0.414125
0.442025 0.856215
0.374841 0.019014
0.746116 0.164439
0.019951 0.585342
0.799097 0.681604
0.298115 0.535085
0.174707 0.532258
0.212151 0.684391
0.388161 0.229595
0.575133 0.130771
0.284857 0.076400
0.389343 0.870478
0.611731 0.366754
0.645150 0.617067
0.337687 0.165548
0.944976 0.509961
0.932901 0.791717
0.494276 0.013672
0.240215 0.437881
0.887978 0.913219
0.623656 0.469213
0.666756 0.348292
0.040068 0.546722
0.042023 0.445642
0.395741 0.970176
0.109654 0.494967
0.925428 0.672137
0.423362 0.318829
0.991782 0.754407
0.325558 0.378192
0.568419 0.732356
0.972009 0.856159
0.100290 0.302960
0.983454 0.077688
0.262521 0.362837
0.643343 0.096348
0.024684 0.311679
0.954206 0.905298
0.728397 0.655716
0.616215 0.213614
0.707738 0.187489
0.323031 0.853496
0.121565 0.750045
0.472668 0.302545
0.602322 0.212392
0.695795 0.296022
0.191787 0.323165
0.751400 0.972796
0.427910 0.302634
0.854623 0.397065
0.734370 0.641092
0.865236 0.390702
0.993667 0.314808
0.040365 0.345828
0.830135 0.821913
0.327704 0.916665
0.629248 0.071825
0.678707 0.359389
0.821526 1.003792
0.474461 1.008580
0.436224 1.001493
0.415940 1.000716
0.748586 1.009822
1.000656 0.559457
1.006987 0.173886
1.007223 0.219968
