-0.008300 0.678073
-0.003555 0.788971
-0.003731 0.446946
-0.008157 0.759460
0.558240 -0.006106
0.893074 -0.002821
0.418441 -0.002264
0.534532 -0.009610
0.547657 -0.008170
0.988291 0.019152
0.351324 0.534647
0.747818 0.970013
0.695143 0.273268
0.951138 0.907671
0.457425 0.733171
0.558240 0.993894
0.389300 0.881683
0.893270 0.386000
0.727551 0.912650
0.904127 0.081452
0.033342 0.572409
0.009290 0.198328
0.020680 0.792271
0.190829 0.952083
0.770226 0.816574
0.426050 0.300218
0.680290 0.858516
0.871793 0.897062
0.843587 0.485151
0.488541 0.065334
0.456981 0.595555
0.110083 0.343784
0.264065 0.580180
0.435391 0.415100
0.054213 0.259696
0.244178 0.709095
0.658851 0.119181
0.129219 0.077969
0.735240 0.556150
0.834371 0.106124
0.256561 0.054124
0.656554 0.277437
0.709130 0.130296
0.523997 0.045890
0.101306 0.468935
0.710646 0.601346
0.204917 0.618787
0.699150 0.314829
0.804789 0.178022
0.241306 0.594730
0.868233 0.818668
0.590084 0.002288
0.944532 0.792477
0.399328 0.873449
0.674396 0.242366
0.168445 0.861125
0.326641 0.325152
0.400173 0.763506
0.164068 0.688290
0.643317 0.821354
0.378547 0.111901
0.859483 0.713183
0.575010 0.741138
0.753671 0.555088
0.800912 0.670346
0.535107 0.685926
0.955184 0.627752
0.819132 0.188965
0.751475 0.221580
0.416450 0.790874
0.399962 0.045109
0.201045 0.042863
0.639163 0.251759
0.419884 0.171836
0.884456 0.341014
0.205124 0.795387
0.024470 0.039780
0.529819 0.933367
0.602215 0.601177
0.643866 0.921931
0.219257 0.884904
0.048822 0.812040
0.032592 0.415042
0.594667 0.196795
0.796091 0.210988
0.174414 0.613842
0.941056 0.661565
0.214898 0.913590
0.380197 0.034982
0.227345 0.906887
0.868988 0.582469
0.126862 0.214641
0.826820 0.387614
0.318075 0.261779
0.296524 0.428178
0.192406 0.567478
0.657666 0.685579
0.353740 0.956791
0.243739 0.748272
0.390228 0.844757
0.371984 0.707606
0.345655 0.877158
0.750528 0.434425
0.400661 0.372938
0.443250 0.380307
0.072712 0.440281
0.606527 0.304784
0.406644 0.101012
0.476880 0.292410
0.016283 0.884416
0.210311 0.683644
0.154390 0.974316
0.502662 0.891408
0.726491 0.497180
0.607214 0.349289
0.526215 0.796915
0.273676 0.292684
0.093319 0.206680
0.302759 0.351522
0.726748 0.886325
0.051926 0.078559
0.026289 0.468766
0.243383 0.919917
0.715834 0.488646
0.078074 0.530066
0.666050 0.607713
0.419551 0.110798
0.816614 0.249305
0.509178 0.804133
0.509830 0.302700
0.861927 0.057394
0.730757 0.900880
0.464043 0.469364
0.153814 0.961795
0.876255 0.488629
0.407077 0.126576
0.186388 0.324061
0.050187 0.144537
0.729369 0.482280
0.338065 0.236767
0.450863 0.185451
0.830077 0.696360
0.333537 0.580232
0.287838 0.263971
0.259901 0.677080
0.519827 0.076754
0.439927 0.284289
0.678768 0.949580
0.773955 0.636139
0.753581 0.746817
0.586031 0.773056
0.392488 0.605290
0.247433 0.290202
0.019333 0.347310
0.141796 0.411535
0.153068 0.829009
0.739200 0.098870
0.820633 0.227112
0.106941 0.662776
0.954576 0.814564
0.623253 0.328269
0.277368 0.434377
0.006154 0.696449
0.338063 0.304984
0.893074 0.997179
0.072884 0.129619
0.981568 0.090242
0.686159 0.928965
0.141816 0.884416
0.238306 0.984564
0.846598 0.794512
0.900278 0.780105
0.836511 0.321093
0.742746 0.664494
0.289184 0.337372
0.908637 0.032251
0.696358 0.208770
0.099642 0.619506
0.103815 0.799062
0.902925 0.312513
0.281589 0.006782
0.495872 0.988482
0.737941 0.310720
0.600408 0.781680
0.111533 0.579329
0.870371 0.689776
0.242970 0.342722
0.545440 0.067573
0.410448 0.237511
0.488974 0.806067
0.377848 0.517978
0.094598 0.909095
0.207631 0.382065
0.660280 0.758373
0.173069 0.517380
0.080567 0.043308
0.491156 0.446596
0.486799 0.165891
0.360657 0.880722
0.744352 0.416771
0.907355 0.094307
0.181326 0.946587
0.100849 0.388038
0.289225 0.073087
0.194608 0.417485
0.292927 0.702139
0.239713 0.959483
0.305462 0.154915
0.555508 0.790544
0.436587 0.304441
0.222881 0.395609
0.224525 0.270025
0.418441 0.997736
0.911030 0.550427
0.596336 0.079145
0.576636 0.898172
0.463311 0.398396
0.104461 0.652236
0.991700 0.678073
0.428478 0.654801
0.588746 0.745055
0.640870 0.503676
0.938041 0.605344
0.638924 0.702657
0.860949 0.379662
0.712123 0.523520
0.363489 0.434676
0.687598 0.226851
0.979004 0.975671
0.996445 0.788971
0.794922 0.632369
0.811451 0.448093
0.830614 0.126663
0.513268 0.715931
0.248146 0.531900
0.382210 0.801761
0.670861 0.982859
0.936821 0.576272
0.080186 0.413825
0.520386 0.885283
0.648252 0.466254
0.095281 0.967821
0.620111 0.156003
0.539014 0.543676
0.529510 0.559837
0.415146 0.905680
0.305143 0.649770
0.358183 0.805918
0.538927 0.590064
0.231142 0.101946
0.644644 0.980139
0.101722 0.187866
0.009385 0.838303
0.481342 0.468530
0.908550 0.417147
0.544138 0.699009
0.079050 0.509416
0.486898 0.855880
0.614405 0.117415
0.606873 0.164180
0.399026 0.532357
0.875211 0.659039
0.787626 0.126025
0.524974 0.899480
0.109084 0.634571
0.712634 0.100422
0.809947 0.637809
0.898069 0.621821
0.414607 0.647558
0.489269 0.093755
0.637323 0.950262
0.476376 0.602805
0.591483 0.225262
0.668433 0.156552
0.774251 0.213053
0.169124 0.725753
0.256189 0.162767
0.625777 0.250747
0.262978 0.843928
0.193854 0.363070
0.874534 0.599770
0.258113 0.358428
0.887540 0.900531
0.447952 0.268851
0.553815 0.178848
0.859702 0.231976
0.168105 0.026723
0.322431 0.555165
0.824529 0.804248
0.024408 0.371506
0.491870 0.466052
0.041714 0.617002
0.578033 0.298809
0.435666 0.136633
0.299721 0.761375
0.035303 0.269500
0.996269 0.446946
0.152785 0.886228
0.031380 0.116035
0.250855 0.759675
0.898310 0.223420
0.673299 0.818786
0.948930 0.874315
0.393736 0.936962
0.436896 0.162523
0.309821 0.681109
0.934055 0.947389
0.599083 0.948874
0.293826 0.031939
0.864513 0.432546
0.092809 0.137792
0.241971 0.223009
0.867740 0.764177
0.344714 0.384780
0.594865 0.535121
0.333556 0.854683
0.265644 0.933940
0.389834 0.683065
0.275010 0.027958
0.940613 0.533970
0.750873 0.981322
0.727670 0.857321
0.991843 0.759460
0.146041 0.326305
0.028786 0.694551
0.958757 0.729047
0.736754 0.174611
0.355410 0.574649
0.459945 0.833725
0.815444 0.323952
0.461684 0.673959
0.595226 0.134387
0.019492 0.125108
0.223276 0.449137
0.534532 0.990390
0.717347 0.980057
0.053738 0.636874
0.960382 0.269923
0.194648 0.733952
0.174861 0.105141
0.314113 0.348766
0.398962 0.283917
0.313912 0.718280
0.944647 0.087789
0.279534 0.596159
0.828435 0.782153
0.557239 0.036276
0.669372 0.848988
0.065465 0.360766
0.258051 0.432597
0.306071 0.966589
0.398162 0.356089
0.646573 0.733091
0.731701 0.958176
0.045954 0.424361
0.780892 0.564840
0.023295 0.007564
0.988969 0.201647
0.823338 0.360950
0.461253 0.110045
0.781262 0.453444
0.482436 0.431225
0.698823 0.675066
0.006871 0.078990
0.460627 0.777536
0.250927 0.066119
0.727151 0.766798
0.898326 0.766825
0.959781 0.978188
0.522100 0.845360
0.898027 0.931229
0.457640 0.759162
0.938796 0.810701
0.930392 0.446957
0.833886 0.987781
0.369639 0.170767
0.823165 0.587057
0.961612 0.489129
0.914492 0.617075
0.322499 0.490512
0.407455 0.083940
0.591960 0.879015
0.553308 0.299471
0.897008 0.794306
0.775812 0.598968
0.547657 0.991830
0.483413 0.684774
0.480017 0.746521
0.211422 0.248487
0.097839 0.708670
0.855746 0.789034
0.590084 1.002288
0.281589 1.006782
0.023295 1.007564
1.009290 0.198328
1.006154 0.696449
1.009385 0.838303
1.006871 0.078990
