-0.001575 0.866327
-0.008265 0.128181
-0.002102 0.834353
-0.003616 0.314457
-0.003828 0.972244
-0.007250 0.390081
-0.001407 0.661044
-0.003831 0.779483
-0.008924 0.951105
0.091934 -0.006963
0.567198 -0.001836
0.796958 -0.003119
0.664442 -0.007904
0.619569 -0.007114
0.134343 -0.001405
0.535762 -0.009167
0.748919 -0.001857
0.008897 -0.003969
0.764898 -0.003537
0.987642 -0.006739
0.255116 0.305824
0.015549 0.587488
0.962558 0.849848
0.007940 0.634026
0.359291 0.114060
0.540818 0.416421
0.517098 0.886123
0.149396 0.434677
0.059039 0.381030
0.722369 0.095119
0.667190 0.296401
0.598563 0.151852
0.436377 0.012682
0.229023 0.263680
0.511385 0.215085
0.346110 0.747817
0.413619 0.055753
0.390028 0.474484
0.825321 0.303644
0.821790 0.565680
0.054382 0.260014
0.589104 0.479734
0.198651 0.239013
0.780193 0.617310
0.144129 0.716132
0.401506 0.462385
0.707282 0.401211
0.014385 0.074640
0.591068 0.446002
0.926621 0.094893
0.375419 0.545999
0.111678 0.904463
0.633277 0.905412
0.630553 0.014228
0.316478 0.111871
0.629463 0.060709
0.673995 0.477439
0.305546 0.516333
0.707028 0.813611
0.315808 0.311302
0.344977 0.666305
0.861072 0.761779
0.875838 0.871235
0.172790 0.850224
0.959588 0.770207
0.875015 0.067413
0.646792 0.324097
0.640347 0.879751
0.373638 0.766738
0.168087 0.519725
0.627456 0.713914
0.306396 0.263687
0.916004 0.615034
0.093175 0.627697
0.192028 0.776965
0.864501 0.333582
0.135414 0.765467
0.318614 0.252380
0.200075 0.069010
0.551911 0.403812
0.750116 0.487184
0.384786 0.061409
0.213691 0.543873
0.410645 0.900963
0.056290 0.443509
0.537813 0.134061
0.540947 0.857368
0.198017 0.155609
0.061378 0.661074
0.018603 0.291103
0.973824 0.764640
0.243684 0.682116
0.137855 0.629812
0.857015 0.899798
0.348368 0.486310
0.679517 0.704122
0.460884 0.364272
0.280265 0.076204
0.444625 0.165706
0.398749 0.920585
0.511334 0.914142
0.091934 0.993037
0.096434 0.313147
0.785375 0.602400
0.465908 0.298131
0.133173 0.295009
0.166627 0.317104
0.109840 0.832088
0.971593 0.218271
0.706078 0.039014
0.616295 0.669364
0.037202 0.003335
0.142464 0.862405
0.276037 0.531692
0.522221 0.567618
0.333033 0.413417
0.414348 0.983922
0.057739 0.396543
0.309563 0.901803
0.886962 0.657432
0.684517 0.473949
0.141244 0.950925
0.882626 0.437439
0.834957 0.325143
0.367639 0.794839
0.099309 0.951782
0.001474 0.295396
0.789846 0.913521
0.533254 0.804076
0.562660 0.750876
0.009230 0.476785
0.966949 0.208804
0.520476 0.225546
0.567198 0.998164
0.123878 0.186238
0.646503 0.128169
0.081321 0.659227
0.027399 0.985180
0.539331 0.373835
0.706735 0.947411
0.382277 0.692909
0.602071 0.775258
0.591834 0.376180
0.850649 0.225735
0.796958 0.996881
0.281311 0.710381
0.664642 0.414836
0.498270 0.949123
0.953182 0.732923
0.384680 0.040083
0.582934 0.564713
0.355183 0.880201
0.624530 0.624016
0.295741 0.074680
0.293706 0.234740
0.345897 0.848490
0.160364 0.157864
0.508659 0.603301
0.161397 0.635454
0.843941 0.782269
0.264566 0.314699
0.183196 0.447473
0.326679 0.279816
0.931764 0.399692
0.379423 0.592846
0.068507 0.205238
0.723618 0.575148
0.200233 0.843480
0.423730 0.544751
0.527967 0.185108
0.081690 0.464094
0.030555 0.434984
0.557865 0.638782
0.034217 0.709900
0.169324 0.593382
0.056274 0.854725
0.384284 0.399619
0.325417 0.555390
0.295420 0.366120
0.349048 0.630224
0.664442 0.992096
0.944361 0.350348
0.192998 0.919576
0.288692 0.550859
0.257696 0.427048
0.577723 0.899521
0.218226 0.967032
0.433981 0.784822
0.525234 0.331277
0.431594 0.717902
0.916212 0.890028
0.134706 0.119913
0.040278 0.504716
0.894453 0.385728
0.200948 0.380306
0.594790 0.268386
0.622443 0.804567
0.103971 0.729240
0.648590 0.474655
0.599107 0.233565
0.032328 0.579859
0.842198 0.556897
0.839883 0.204952
0.621255 0.174021
0.289540 0.018503
0.749009 0.756727
0.542089 0.282063
0.244875 0.286318
0.963134 0.230695
0.537321 0.205008
0.434041 0.142212
0.812816 0.903791
0.540376 0.817863
0.145946 0.233336
0.246701 0.170283
0.235057 0.275461
0.297322 0.404426
0.302237 0.757311
0.359744 0.124900
0.617183 0.355519
0.362938 0.068488
0.867162 0.457896
0.077615 0.904921
0.281696 0.613878
0.661858 0.200025
0.959986 0.665106
0.541300 0.868969
0.557047 0.021398
0.482681 0.807986
0.736009 0.572304
0.008985 0.718280
0.449427 0.659617
0.753208 0.804739
0.029156 0.779817
0.567350 0.076117
0.251622 0.133455
0.564474 0.540981
0.068921 0.988431
0.300657 0.042039
0.527901 0.256022
0.408710 0.947513
0.919281 0.121244
0.591945 0.359652
0.719307 0.523551
0.260843 0.493079
0.855836 0.724406
0.370476 0.862272
0.684763 0.634198
0.141323 0.079302
0.876145 0.420429
0.487664 0.460325
0.515677 0.271994
0.231580 0.899534
0.908697 0.603643
0.365236 0.598591
0.668487 0.894564
0.087336 0.539010
0.428450 0.617153
0.558876 0.225851
0.104520 0.009978
0.059153 0.322652
0.779477 0.335479
0.619569 0.992886
0.648006 0.539776
0.232255 0.739832
0.888992 0.859808
0.597061 0.654752
0.915014 0.433183
0.289761 0.631882
0.295422 0.622029
0.206764 0.607364
0.347630 0.717737
0.027993 0.066842
0.332399 0.526181
0.246642 0.542899
0.780868 0.521882
0.931950 0.147112
0.416766 0.280293
0.598100 0.036475
0.098379 0.170045
0.371164 0.039762
0.709241 0.641341
0.174061 0.062152
0.202674 0.869550
0.597940 0.023014
0.899426 0.452946
0.058026 0.106269
0.998425 0.866327
0.615206 0.026944
0.322523 0.463776
0.099017 0.570988
0.325875 0.450492
0.577844 0.074844
0.057343 0.300956
0.241555 0.912720
0.825734 0.444546
0.982063 0.578268
0.234423 0.810590
0.451274 0.249969
0.955438 0.142650
0.512563 0.971925
0.648321 0.614671
0.469650 0.577781
0.911313 0.376220
0.228765 0.423525
0.273596 0.444566
0.627515 0.534641
0.385442 0.873450
0.517724 0.061825
0.231367 0.118486
0.098780 0.890275
0.033389 0.839035
0.507267 0.113716
0.490446 0.599442
0.090216 0.978224
0.653019 0.461132
0.863758 0.262829
0.823963 0.328975
0.941301 0.244108
0.957110 0.510825
0.770984 0.313802
0.057873 0.044074
0.812944 0.412073
0.384163 0.523127
0.892149 0.405921
0.604389 0.094804
0.335981 0.144842
0.244881 0.378972
0.270320 0.215599
0.633731 0.799716
0.208514 0.896256
0.745709 0.536386
0.969965 0.564883
0.217690 0.857763
0.861999 0.313302
0.326984 0.840013
0.492533 0.051902
0.778018 0.426672
0.279962 0.333508
0.038691 0.726669
0.872684 0.285815
0.656849 0.231887
0.621954 0.075124
0.966756 0.609970
0.857566 0.603543
0.847840 0.504616
0.007911 0.919073
0.410705 0.732366
0.151105 0.815233
0.909603 0.777942
0.757123 0.405198
0.701901 0.565461
0.584736 0.344915
0.704233 0.160864
0.001514 0.562001
0.546484 0.550828
0.694537 0.927494
0.944210 0.903263
0.604106 0.926210
0.116946 0.340802
0.036730 0.538370
0.737229 0.181223
0.426247 0.098168
0.303222 0.780123
0.536960 0.769071
0.638944 0.893148
0.060690 0.175772
0.892955 0.025853
0.137563 0.424087
0.764567 0.524437
0.754481 0.169798
0.672727 0.618653
0.006846 0.740226
0.991735 0.128181
0.360583 0.191073
0.714398 0.177867
0.986849 0.016999
0.039796 0.804331
0.859792 0.566253
0.754113 0.519515
0.585904 0.190733
0.503441 0.050915
0.056096 0.335197
0.673397 0.685267
0.695745 0.799831
0.660605 0.519937
0.331736 0.934173
0.246477 0.511206
0.740318 0.254169
0.845585 0.538154
0.910136 0.350706
0.935325 0.927719
0.587700 0.101762
0.366876 0.275846
0.266098 0.226539
0.001321 0.893007
0.453498 0.578421
0.983893 0.964548
0.666265 0.726158
0.273354 0.718379
0.778018 0.081064
0.221580 0.203959
0.624099 0.725205
0.834364 0.018895
0.202118 0.469093
0.378395 0.340394
0.063851 0.761336
0.402662 0.674290
0.551076 0.051457
0.307496 0.965445
0.931475 0.378027
0.617670 0.562533
0.830561 0.957699
0.075506 0.888024
0.562447 0.194355
0.221453 0.705763
0.596761 0.586296
0.968494 0.581743
0.102094 0.146247
0.671565 0.639853
0.372435 0.162873
0.389519 0.799977
0.399794 0.755119
0.885117 0.209643
0.480356 0.112988
0.132370 0.064002
0.079297 0.626954
0.411334 0.638590
0.976160 0.781537
0.935583 0.739152
0.253620 0.719250
0.693513 0.773319
0.747217 0.318384
0.510431 0.773066
0.572816 0.953850
0.171572 0.907235
0.752219 0.286175
0.627410 0.462828
0.129439 0.549385
0.969509 0.442140
0.036877 0.272725
0.230134 0.358545
0.134343 0.998595
0.513521 0.387846
0.249853 0.364752
0.495473 0.609187
0.777462 0.657183
0.528315 0.825773
0.962434 0.313736
0.797085 0.285176
0.014895 0.094150
0.328723 0.305566
0.018022 0.162207
0.443989 0.766770
0.681256 0.714537
0.459781 0.919268
0.988943 0.932601
0.461523 0.904922
0.386452 0.603017
0.560319 0.845840
0.284805 0.663318
0.309934 0.331644
0.188197 0.100683
0.286564 0.354826
0.535762 0.990833
0.905157 0.865829
0.119169 0.955275
0.440901 0.875760
0.864952 0.355151
0.631146 0.864549
0.376714 0.149194
0.327245 0.817476
0.173619 0.676118
0.875600 0.757155
0.337303 0.086961
0.451560 0.454664
0.029036 0.637102
0.684680 0.554567
0.370394 0.824558
0.460381 0.014034
0.365939 0.718210
0.159424 0.278771
0.644938 0.287204
0.321931 0.155417
0.387663 0.895733
0.675458 0.252214
0.949988 0.624682
0.206948 0.109655
0.565850 0.274333
0.071165 0.158449
0.049520 0.680884
0.781756 0.807365
0.265054 0.895899
0.607986 0.014401
0.344029 0.533665
0.627763 0.446737
0.811106 0.144828
0.974829 0.833760
0.340101 0.616239
0.303756 0.089219
0.763927 0.947639
0.333547 0.389738
0.150413 0.333704
0.160421 0.117089
0.398550 0.831383
0.185001 0.500786
0.126314 0.864628
0.766646 0.564354
0.389569 0.490138
0.886904 0.905048
0.498389 0.529227
0.909701 0.578598
0.469657 0.219768
0.602590 0.184259
0.125649 0.645580
0.737482 0.303279
0.369308 0.661339
0.895720 0.274099
0.997898 0.834353
0.791344 0.656613
0.543673 0.386681
0.822232 0.595335
0.781641 0.987675
0.788254 0.852921
0.485613 0.873756
0.333847 0.205317
0.494357 0.031209
0.827574 0.264257
0.677499 0.793864
0.681844 0.650759
0.237342 0.477403
0.209114 0.272472
0.936884 0.031879
0.424903 0.521581
0.840339 0.625030
0.255205 0.904691
0.897154 0.368079
0.086895 0.375498
0.187381 0.810527
0.723248 0.674674
0.913981 0.820961
0.094686 0.514758
0.952483 0.843061
0.935012 0.973413
0.372526 0.320901
0.783248 0.212222
0.959152 0.930233
0.365729 0.344912
0.692682 0.716604
0.800343 0.593670
0.097175 0.559509
0.043090 0.757632
0.659648 0.599459
0.724502 0.344218
0.770300 0.509647
0.706963 0.791174
0.330669 0.913675
0.576705 0.287909
0.366101 0.150015
0.946328 0.650835
0.982215 0.193834
0.828743 0.493802
0.590779 0.044891
0.843632 0.594673
0.623440 0.953858
0.176944 0.474905
0.762405 0.179877
0.691622 0.914425
0.162657 0.428096
0.041852 0.225746
0.666150 0.871345
0.344728 0.027252
0.905283 0.471062
0.910464 0.327980
0.691104 0.017448
0.512347 0.331814
0.336112 0.953346
0.750505 0.333924
0.632833 0.415546
0.615848 0.150578
0.838271 0.726165
0.108846 0.161352
0.297010 0.423582
0.528414 0.275097
0.827956 0.792785
0.101551 0.669963
0.295302 0.680428
0.393773 0.391818
0.206963 0.724520
0.819305 0.926472
0.514120 0.193143
0.602901 0.198180
0.410393 0.853075
0.429082 0.925659
0.373078 0.698246
0.412395 0.924708
0.240640 0.227809
0.357120 0.924103
0.502498 0.803238
0.350272 0.458683
0.951097 0.132983
0.070307 0.706081
0.931703 0.108901
0.651697 0.146062
0.693963 0.625614
0.986211 0.436745
0.344749 0.048806
0.225203 0.581013
0.601375 0.252518
0.654342 0.060096
0.940506 0.092531
0.333978 0.651050
0.282511 0.649273
0.922184 0.330672
0.813439 0.787636
0.124322 0.157388
0.414998 0.687333
0.657704 0.679977
0.009387 0.128610
0.763906 0.841915
0.746949 0.944523
0.919714 0.223074
0.509767 0.787740
0.522452 0.617392
0.558241 0.730992
0.063402 0.492787
0.229924 0.337391
0.551638 0.743686
0.412306 0.507618
0.128972 0.214836
0.292830 0.449966
0.240282 0.263263
0.891583 0.586140
0.938675 0.618080
0.250719 0.102537
0.546364 0.442646
0.691506 0.759439
0.399421 0.567413
0.205584 0.943529
0.229140 0.952928
0.656922 0.778967
0.580470 0.503230
0.878731 0.392949
0.904771 0.702675
0.853056 0.378684
0.633022 0.031557
0.920034 0.469747
0.519903 0.766312
0.646078 0.433692
0.102887 0.236151
0.971783 0.698897
0.659450 0.326097
0.019822 0.570473
0.768655 0.627936
0.314700 0.292043
0.078238 0.171944
0.079723 0.572144
0.831772 0.347368
0.779889 0.708339
0.393825 0.428309
0.423026 0.218924
0.564816 0.049143
0.872281 0.860025
0.338258 0.974030
0.954775 0.988621
0.157718 0.002918
0.248180 0.346290
0.233339 0.755891
0.225928 0.448443
0.259445 0.345795
0.902955 0.012701
0.132223 0.388063
0.375259 0.984863
0.122086 0.760957
0.579362 0.621157
0.489904 0.220450
0.802416 0.669643
0.471603 0.944478
0.683844 0.320643
0.748919 0.998143
0.269733 0.931870
0.696387 0.095259
0.245872 0.934658
0.479784 0.882528
0.779297 0.018284
0.770762 0.685798
0.867667 0.580510
0.626105 0.111147
0.213694 0.036370
0.444545 0.326581
0.287294 0.496452
0.181705 0.933792
0.940181 0.591463
0.682893 0.073851
0.996384 0.314457
0.809220 0.461451
0.552454 0.175317
0.587245 0.154802
0.445453 0.537621
0.461900 0.834110
0.996172 0.972244
0.745929 0.199957
0.036329 0.188604
0.364775 0.636558
0.891293 0.253518
0.286359 0.125419
0.437013 0.550540
0.986114 0.689781
0.970137 0.095966
0.898092 0.058443
0.123318 0.630726
0.795694 0.301705
0.607462 0.461972
0.292593 0.832419
0.266312 0.170875
0.492369 0.729367
0.080068 0.938246
0.957495 0.330651
0.901215 0.000366
0.483280 0.147475
0.314992 0.171375
0.047168 0.055858
0.071512 0.015676
0.973679 0.734797
0.752386 0.033314
0.117606 0.261303
0.893358 0.972061
0.292302 0.187247
0.743148 0.718019
0.188895 0.433938
0.045593 0.655473
0.781042 0.862900
0.819441 0.106040
0.006074 0.275042
0.942771 0.674259
0.385658 0.856946
0.674825 0.608097
0.439426 0.961285
0.822906 0.010499
0.141617 0.482810
0.438867 0.398265
0.360045 0.836977
0.041336 0.423831
0.075638 0.313815
0.945983 0.854503
0.173531 0.535884
0.294889 0.902872
0.081387 0.787475
0.174408 0.719988
0.232007 0.207137
0.381849 0.635289
0.003064 0.464941
0.824072 0.871886
0.151499 0.906806
0.992750 0.390081
0.893842 0.841006
0.683284 0.171796
0.237551 0.434285
0.025062 0.268647
0.980159 0.312692
0.571752 0.611663
0.901538 0.396040
0.692767 0.204486
0.062853 0.622386
0.688020 0.296785
0.571562 0.316223
0.809498 0.365498
0.598178 0.083703
0.544415 0.846149
0.040698 0.329360
0.709350 0.860311
0.428640 0.267345
0.472952 0.160845
0.757120 0.609174
0.572865 0.450224
0.287057 0.752387
0.094358 0.106786
0.734894 0.354592
0.580634 0.298855
0.713681 0.360486
0.093803 0.725170
0.912045 0.086414
0.519951 0.552631
0.656757 0.698357
0.459680 0.157659
0.421786 0.596054
0.122685 0.251181
0.048427 0.414709
0.725489 0.139044
0.632557 0.246833
0.839972 0.836671
0.453072 0.394759
0.961595 0.008178
0.142688 0.654227
0.218320 0.119132
0.043137 0.165558
0.511106 0.867268
0.766261 0.134951
0.064921 0.672445
0.482207 0.495418
0.748636 0.185253
0.084922 0.207029
0.558916 0.661700
0.325668 0.089932
0.810320 0.399559
0.655314 0.566843
0.003122 0.651351
0.317097 0.265934
0.460448 0.623161
0.801853 0.561164
0.024804 0.793540
0.273089 0.822911
0.688555 0.603902
0.998593 0.661044
0.229172 0.092255
0.217348 0.479523
0.909228 0.193782
0.447988 0.617800
0.594213 0.665877
0.799324 0.932313
0.439372 0.306860
0.275013 0.138747
0.166547 0.493947
0.086584 0.926839
0.148476 0.160479
0.358520 0.090458
0.008248 0.372779
0.788307 0.447286
0.099625 0.805831
0.659455 0.452364
0.533362 0.526665
0.629681 0.646564
0.196571 0.411294
0.520219 0.464126
0.332379 0.988288
0.473717 0.746861
0.272543 0.283915
0.833703 0.169665
0.134248 0.853092
0.931693 0.564185
0.398823 0.441603
0.701681 0.260043
0.028529 0.947965
0.996169 0.779483
0.989401 0.487553
0.127983 0.464367
0.742590 0.673392
0.617175 0.274817
0.385886 0.080347
0.865584 0.435374
0.652497 0.369690
0.376099 0.441342
0.516124 0.300115
0.478322 0.006247
0.171436 0.303557
0.744465 0.580893
0.851985 0.117721
0.657264 0.752951
0.702129 0.605118
0.217404 0.076910
0.980589 0.206759
0.983253 0.610371
0.712831 0.259869
0.114686 0.549669
0.218902 0.312176
0.946248 0.410562
0.010334 0.310069
0.262332 0.882541
0.103061 0.823563
0.528012 0.870835
0.352811 0.400152
0.597923 0.911518
0.132987 0.042167
0.401039 0.595708
0.919679 0.293776
0.545039 0.781682
0.441683 0.029077
0.675390 0.111590
0.199640 0.530162
0.627357 0.373597
0.606454 0.846389
0.571869 0.249774
0.078635 0.302231
0.300402 0.023221
0.176114 0.860919
0.655948 0.856538
0.414360 0.229565
0.501524 0.747674
0.831850 0.394471
0.096636 0.265392
0.568259 0.938022
0.597248 0.987952
0.516770 0.640152
0.868951 0.600118
0.293371 0.476879
0.129582 0.228123
0.325785 0.790588
0.546014 0.230557
0.686762 0.049083
0.362969 0.558721
0.927280 0.259876
0.849476 0.806716
0.189125 0.978559
0.253728 0.778546
0.810785 0.497953
0.915723 0.100984
0.018646 0.728328
0.816658 0.116220
0.488556 0.347448
0.773891 0.285287
0.863643 0.926055
0.191104 0.050352
0.548449 0.009518
0.828364 0.908544
0.705297 0.243330
0.589232 0.938900
0.895502 0.606226
0.792378 0.836168
0.067641 0.339907
0.177062 0.246035
0.727819 0.288205
0.237342 0.139659
0.220730 0.817547
0.935813 0.426481
0.605160 0.969584
0.314755 0.885716
0.295545 0.295366
0.907082 0.492885
0.207140 0.025819
0.961440 0.783657
0.673256 0.840722
0.420854 0.703737
0.481287 0.820576
0.437390 0.859974
0.008897 0.996031
0.275201 0.033516
0.152100 0.479596
0.888842 0.283419
0.784127 0.170393
0.731294 0.246622
0.081841 0.852909
0.686552 0.958111
0.985056 0.534723
0.128725 0.740640
0.689571 0.520391
0.076086 0.406260
0.430213 0.659312
0.467672 0.728672
0.613984 0.900598
0.252779 0.220095
0.702409 0.878505
0.711011 0.661080
0.439577 0.562794
0.336818 0.155456
0.417079 0.554477
0.029752 0.866706
0.894414 0.497190
0.699716 0.460747
0.170593 0.794371
0.888500 0.142515
0.939672 0.000261
0.234516 0.706984
0.473122 0.649372
0.555264 0.255004
0.075201 0.589102
0.674242 0.588013
0.533702 0.472616
0.323811 0.430986
0.764898 0.996463
0.265018 0.792067
0.453946 0.562977
0.677096 0.354071
0.510472 0.694707
0.595293 0.506111
0.319494 0.832143
0.660822 0.587068
0.019078 0.836950
0.337497 0.429436
0.793779 0.141567
0.636444 0.047771
0.690902 0.363180
0.078816 0.030930
0.626901 0.936997
0.319935 0.745175
0.978610 0.291818
0.592343 0.571356
0.279859 0.151850
0.733013 0.039699
0.801622 0.406417
0.830011 0.971035
0.787037 0.630077
0.508819 0.567686
0.309191 0.747136
0.336661 0.883354
0.804784 0.050239
0.402505 0.965192
0.414376 0.330524
0.788284 0.538410
0.741670 0.739721
0.444795 0.850410
0.237770 0.127723
0.534120 0.056697
0.468575 0.982688
0.682221 0.870901
0.496211 0.287662
0.183019 0.961219
0.671267 0.186055
0.289842 0.058208
0.100159 0.793002
0.468432 0.687341
0.683079 0.421436
0.659343 0.633427
0.307906 0.342301
0.387034 0.026176
0.633546 0.565251
0.365511 0.421459
0.462200 0.314439
0.310935 0.007705
0.648829 0.845977
0.101353 0.588302
0.582382 0.521804
0.454600 0.966702
0.182307 0.559392
0.084883 0.581377
0.871682 0.206907
0.094610 0.187952
0.314362 0.641467
0.124877 0.674027
0.680311 0.930120
0.949241 0.199623
0.217681 0.008522
0.300627 0.274471
0.586448 0.396553
0.186403 0.392816
0.154594 0.832304
0.149752 0.679546
0.750090 0.014890
0.142246 0.030656
0.025334 0.218588
0.710915 0.548921
0.869693 0.738836
0.103230 0.971433
0.738713 0.013858
0.034718 0.114440
0.076625 0.607825
0.530173 0.930301
0.616903 0.689892
0.037366 0.663365
0.507255 0.485800
0.861695 0.965515
0.759688 0.246679
0.676267 0.759305
0.586190 0.822439
0.926835 0.637567
0.018938 0.184341
0.026741 0.934999
0.484467 0.794786
0.456835 0.494209
0.425714 0.891772
0.874285 0.633150
0.245500 0.704348
0.774612 0.822654
0.806190 0.253771
0.800500 0.629709
0.231502 0.381077
0.540572 0.345145
0.291430 0.703529
0.593091 0.738731
0.372643 0.453270
0.509376 0.928711
0.450788 0.637435
0.459364 0.553774
0.014586 0.763166
0.567512 0.654214
0.634740 0.734330
0.120675 0.713736
0.058828 0.223953
0.167982 0.928529
0.515231 0.673364
0.667800 0.081461
0.225073 0.284189
0.554561 0.930803
0.314669 0.187174
0.980395 0.712827
0.825650 0.683220
0.559540 0.828280
0.807811 0.355104
0.547755 0.717438
0.202512 0.643757
0.000089 0.513177
0.775165 0.788136
0.352260 0.645098
0.738778 0.055267
0.757158 0.463489
0.045004 0.842030
0.606090 0.677467
0.987642 0.993261
0.757536 0.275060
0.216623 0.629130
0.014869 0.043300
0.180262 0.200465
0.719358 0.442868
0.845493 0.389790
0.837552 0.748419
0.379544 0.093230
0.820124 0.342090
0.017969 0.701511
0.015752 0.683893
0.631343 0.586041
0.227411 0.784655
0.287636 0.924376
0.298475 0.536303
0.333647 0.237294
0.545239 0.107686
0.137155 0.094427
0.310884 0.812636
0.980487 0.326653
0.219617 0.518224
0.353006 0.859477
0.260021 0.843721
0.582802 0.719406
0.343524 0.009274
0.024242 0.550041
0.276184 0.696241
0.881353 0.024681
0.080011 0.079354
0.969308 0.391307
0.313585 0.553314
0.792048 0.798314
0.863259 0.797962
0.017962 0.029416
0.711452 0.538414
0.524589 0.502240
0.117040 0.989771
0.070516 0.060024
0.661577 0.344058
0.269027 0.433980
0.401806 0.608142
0.340951 0.899552
0.991076 0.951105
0.638217 0.504131
0.358118 0.768452
0.784363 0.028918
0.982798 0.158250
0.616676 0.308717
0.085079 0.876830
0.590701 0.303123
0.168070 0.339877
0.244286 0.757918
0.055832 0.030856
0.186580 0.270906
0.311798 0.591769
0.377625 0.951564
0.742395 0.887093
0.598896 0.689630
0.391117 0.223274
0.131260 0.172478
0.879557 0.522327
0.808247 0.447580
0.828553 0.152703
0.757954 0.876508
0.851482 0.984643
0.790214 0.350683
0.501905 0.255212
0.509872 0.078620
0.055899 0.634988
0.609521 0.544671
0.855922 0.642690
0.271633 0.106751
0.699070 0.274940
0.421969 0.365823
0.218936 0.237280
0.561034 0.551973
0.742254 0.824633
0.393395 0.135944
0.195743 0.720299
0.669635 0.059850
0.774162 0.147811
0.485534 0.071835
0.787444 0.393732
0.236161 0.080568
0.204715 0.956581
0.343146 0.063423
0.711806 0.214900
0.015448 0.210044
0.853762 0.910851
0.333725 0.469143
0.485222 0.262165
0.928472 0.064245
0.516393 0.956704
0.911192 0.214685
0.826785 0.138328
0.704312 0.497022
0.609597 0.077828
0.241433 0.025784
0.846477 0.014863
0.550416 0.119671
0.101047 0.281105
0.907505 0.111087
0.789820 0.102280
0.767944 0.662055
0.773098 0.931981
0.176884 0.020422
0.833639 0.473194
0.108646 0.089054
0.244785 0.727168
0.400791 0.310601
0.653799 0.391825
0.119336 0.978538
0.325022 0.197272
0.963257 0.269576
0.557298 0.378189
0.261294 0.961486
0.497577 0.427772
0.806993 0.880783
0.159978 0.089177
0.313135 0.607353
0.378738 0.925543
0.572470 0.029982
0.181891 0.798457
0.040043 0.309159
0.121876 0.607378
0.759513 0.858904
0.778287 0.407280
0.732915 0.149892
0.961168 0.075495
0.933833 0.359424
0.066930 0.965933
0.649453 0.420617
0.596441 0.347088
0.153425 0.373382
0.637770 0.387807
0.837196 0.766317
0.125584 0.092661
0.660318 0.377670
0.107792 0.623811
0.621601 0.911627
0.606132 0.485346
0.576741 0.982101
0.518568 0.348702
0.896157 0.741580
0.217891 0.881630
0.942070 0.948955
0.106443 0.057975
0.091680 0.607435
0.445680 0.017612
0.139821 0.810854
0.252860 0.024386
0.717811 0.481323
0.441176 0.942361
0.578778 0.783610
0.714807 0.142166
0.692919 0.393649
0.497508 0.063973
0.523537 0.314540
0.202585 0.880604
0.343964 0.800077
0.571084 0.813238
0.742962 0.603397
0.798444 0.160595
0.737931 0.757040
0.187483 0.303032
0.361885 0.625600
0.938827 0.286904
0.926217 0.309941
0.440169 0.605002
0.441073 0.271099
0.944107 0.516643
0.469598 0.779443
0.477181 0.916222
0.496907 0.927553
0.703651 0.694642
0.412970 0.628130
0.543536 0.215998
0.552105 0.862749
0.142633 0.320411
0.904750 0.614156
0.764278 0.721157
0.822717 0.764544
0.120567 0.384332
0.006998 0.167784
0.150436 0.515494
0.276981 0.592827
0.585140 0.121590
0.841369 0.306412
0.625404 0.206674
0.867233 0.030140
0.760938 0.896177
0.463850 0.758886
0.007142 0.193486
0.038490 0.148163
0.184764 0.645362
0.856553 0.853376
0.037202 1.003335
0.104520 1.009978
0.157718 1.002918
0.901215 1.000366
0.961595 1.008178
0.478322 1.006247
0.548449 1.009518
0.939672 1.000261
0.310935 1.007705
0.217681 1.008522
0.343524 1.009274
1.008897 -0.003969
1.007940 0.634026
1.001474 0.295396
1.009230 0.476785
1.008985 0.718280
1.007911 0.919073
1.001514 0.562001
1.006846 0.740226
1.001321 0.893007
1.009387 0.128610
1.006074 0.275042
1.003064 0.464941
1.003122 0.651351
1.008248 0.372779
1.008897 0.996031
1.000089 0.513177
1.006998 0.167784
1.007142 0.193486
