-0.003548 0.416678
-0.008705 0.475480
0.527489 -0.003035
0.501285 0.970093
0.132227 0.968153
0.799162 0.978504
0.916251 0.529122
0.971668 0.264299
0.508324 0.486430
0.496718 0.322425
0.694638 0.276792
0.464211 0.690567
0.201160 0.538625
0.384692 0.796026
0.161871 0.665963
0.316941 0.335834
0.496205 0.613364
0.295386 0.047195
0.800776 0.199670
0.437974 0.383851
0.539918 0.394711
0.431350 0.160168
0.220123 0.027149
0.532484 0.716409
0.003144 0.376322
0.223804 0.927489
0.364579 0.882558
0.103385 0.023476
0.027227 0.160053
0.643784 0.786483
0.358532 0.452428
0.384988 0.897107
0.941879 0.221064
0.780332 0.453170
0.521616 0.948933
0.170153 0.687720
0.359971 0.078392
0.296301 0.752839
0.784809 0.713235
0.098723 0.423058
0.914450 0.423479
0.120291 0.273343
0.664207 0.834949
0.366877 0.942142
0.156456 0.816154
0.699504 0.643949
0.570955 0.001250
0.849033 0.753397
0.108463 0.890811
0.357079 0.150591
0.790381 0.533600
0.306903 0.414518
0.732280 0.378910
0.331937 0.164852
0.376288 0.589347
0.343622 0.272556
0.250682 0.856701
0.532726 0.654410
0.263865 0.895545
0.967375 0.437514
0.877302 0.855866
0.165141 0.018490
0.401168 0.342972
0.751241 0.127957
0.960332 0.203332
0.518123 0.698442
0.772351 0.664150
0.293054 0.964143
0.362940 0.181176
0.592624 0.488172
0.246213 0.942736
0.485832 0.912828
0.132181 0.308889
0.416052 0.405376
0.965959 0.185705
0.756597 0.947422
0.568697 0.079199
0.061555 0.629876
0.200154 0.752030
0.328319 0.459710
0.459615 0.334366
0.693235 0.627151
0.116430 0.057014
0.431622 0.932198
0.681619 0.734533
0.242597 0.881677
0.593712 0.588452
0.414261 0.078354
0.727415 0.854159
0.343735 0.873739
0.822174 0.192010
0.661103 0.084992
0.642457 0.562418
0.911144 0.826696
0.357485 0.764402
0.734211 0.080309
0.508570 0.304807
0.597675 0.505493
0.169023 0.809577
0.652410 0.536554
0.890410 0.054617
0.290995 0.572450
0.501362 0.728930
0.472028 0.928327
0.955823 0.670499
0.512824 0.801838
0.222816 0.884659
0.718208 0.825709
0.111116 0.562778
0.874265 0.817186
0.069111 0.546748
0.987206 0.789024
0.236375 0.390112
0.127884 0.104716
0.331665 0.745221
0.412248 0.857116
0.590870 0.678176
0.535104 0.092309
0.391083 0.447199
0.058708 0.716922
0.084576 0.015210
0.199680 0.807167
0.470187 0.312515
0.285839 0.980255
0.627206 0.457438
0.676300 0.707187
0.173622 0.504633
0.531882 0.536159
0.415750 0.555950
0.675618 0.511543
0.564917 0.094214
0.470120 0.168018
0.721046 0.982150
0.918919 0.406341
0.746485 0.438962
0.848423 0.445405
0.716190 0.656884
0.067300 0.613571
0.236159 0.532815
0.182686 0.984019
0.692138 0.290447
0.670496 0.574049
0.817599 0.250453
0.233696 0.269530
0.214309 0.971687
0.943982 0.892185
0.033880 0.300095
0.342851 0.214153
0.984142 0.306272
0.703487 0.452302
0.940975 0.379123
0.889984 0.244273
0.096271 0.213496
0.462795 0.810409
0.679713 0.326517
0.453995 0.665409
0.323922 0.368929
0.694256 0.389652
0.427662 0.221869
0.752488 0.774913
0.435776 0.071449
0.664482 0.431255
0.928291 0.746445
0.359858 0.376459
0.178855 0.882598
0.012159 0.057589
0.769750 0.046277
0.876322 0.768801
0.097644 0.445557
0.580650 0.606891
0.206605 0.153542
0.122946 0.299913
0.136112 0.052497
0.384324 0.739597
0.655878 0.958185
0.505262 0.635896
0.346017 0.246113
0.951219 0.165395
0.527489 0.996965
0.909318 0.651820
0.131448 0.724378
0.633320 0.797523
0.748181 0.034212
0.502791 0.375879
0.893228 0.182856
0.115821 0.402352
0.681242 0.750388
0.717709 0.732913
0.315496 0.670507
0.114069 0.949210
0.478182 0.595364
0.600479 0.396263
0.084978 0.261505
0.265062 0.503890
0.212931 0.354020
0.194789 0.509403
0.688792 0.452654
0.965958 0.761848
0.013360 0.901682
0.513946 0.627113
0.720144 0.024638
0.669805 0.761516
0.126657 0.684136
0.708735 0.725485
0.832527 0.600358
0.975620 0.905515
0.060750 0.752801
0.504867 0.180673
0.021146 0.972435
0.064957 0.685387
0.915244 0.732871
0.839285 0.800935
0.106101 0.714974
0.976811 0.091115
0.829691 0.279805
0.049111 0.544221
0.209677 0.299924
0.596771 0.315075
0.880238 0.968187
0.920503 0.352224
0.125387 0.241093
0.277608 0.633848
0.590686 0.434985
0.831961 0.117634
0.790546 0.931257
0.800120 0.726183
0.628289 0.027972
0.389147 0.162354
0.294792 0.669640
0.880292 0.069684
0.133639 0.554932
0.898312 0.011063
0.493846 0.455612
0.853321 0.645872
0.307548 0.057701
0.123995 0.941574
0.870666 0.421256
0.037310 0.778105
0.321381 0.630721
0.708436 0.889407
0.432397 0.963341
0.546627 0.686077
0.510319 0.060656
0.569587 0.221773
0.515893 0.895425
0.220210 0.446691
0.486933 0.809713
0.996452 0.416678
0.054001 0.892880
0.905732 0.124482
0.507961 0.550597
0.018758 0.756178
0.440746 0.350132
0.580104 0.511989
0.314867 0.324264
0.072139 0.434485
0.593759 0.345503
0.497011 0.410439
0.278115 0.843515
0.050843 0.732751
0.950452 0.324178
0.865683 0.317968
0.242463 0.236446
0.564303 0.843338
0.448505 0.515845
0.720597 0.718858
0.055654 0.401327
0.891187 0.551032
0.399553 0.985901
0.778446 0.951160
0.606036 0.242234
0.571672 0.715840
0.555187 0.389036
0.705330 0.778813
0.324529 0.950113
0.024150 0.330307
0.299193 0.714080
0.411948 0.913012
0.637443 0.442512
0.454596 0.876051
0.378729 0.706831
0.155957 0.918961
0.147236 0.329142
0.338878 0.917376
0.242338 0.768921
0.123215 0.650352
0.368461 0.962293
0.425115 0.029478
0.267319 0.349875
0.830448 0.376875
0.930828 0.534564
0.717585 0.413375
0.489588 0.559867
0.532023 0.500454
0.045570 0.842022
0.805646 0.052625
0.892408 0.751338
0.916715 0.042693
0.511986 0.595514
0.036217 0.093293
0.971358 0.315355
0.577954 0.161999
0.342633 0.484605
0.983516 0.531815
0.638042 0.351778
0.983152 0.130274
0.274166 0.729784
0.458503 0.847044
0.987244 0.873714
0.404141 0.309152
0.588970 0.801574
0.608659 0.865235
0.966916 0.519998
0.732963 0.646468
0.685937 0.370811
0.709007 0.550252
0.453119 0.704737
0.722382 0.187959
0.158590 0.038231
0.611598 0.426455
0.536710 0.062132
0.603668 0.110736
0.183794 0.507714
0.632575 0.758511
0.643364 0.742188
0.365867 0.397825
0.831080 0.064567
0.590066 0.551640
0.908909 0.215296
0.293925 0.861570
0.904177 0.075928
0.867049 0.922274
0.897107 0.671223
0.380087 0.218668
0.419360 0.650501
0.045561 0.347714
0.294267 0.308157
0.106439 0.858411
0.026406 0.130811
0.800691 0.416630
0.956380 0.527758
0.989265 0.956058
0.574671 0.323126
0.269750 0.909105
0.775901 0.418987
0.822715 0.385358
0.531290 0.044461
0.991295 0.475480
0.928476 0.681477
0.455076 0.092461
0.979850 0.290854
0.318163 0.595617
0.909171 0.362844
0.276407 0.500001
0.709986 0.768661
0.711083 0.854455
0.293984 0.843175
0.975741 0.662341
0.410975 0.171983
0.452644 0.906262
0.521005 0.854544
0.324815 0.863251
0.521503 0.914440
0.278767 0.926232
0.124959 0.669154
0.783675 0.385825
0.387063 0.851672
0.449074 0.828583
0.835590 0.892595
0.751444 0.674626
0.120279 0.029524
0.613580 0.731997
0.952489 0.626382
0.468834 0.486126
0.608385 0.568213
0.506953 0.864994
0.672173 0.288584
0.905850 0.059456
0.487967 0.849727
0.883787 0.931471
0.150489 0.031263
0.195924 0.636974
0.750837 0.308834
0.425672 0.627368
0.623781 0.588152
0.570955 1.001250
1.003144 0.376322
