-0.007329 0.199148
-0.007748 0.400053
-0.009771 0.429272
-0.004787 0.003356
-0.003604 0.582220
-0.002496 0.621546
-0.008279 0.314916
-0.008211 0.796762
-0.006568 0.872496
-0.008212 0.838120
-0.008624 0.019831
-0.008613 0.939083
-0.000232 0.345922
-0.004787 1.003356
0.539466 -0.003919
0.555723 -0.008692
0.307513 -0.000881
0.325681 -0.006012
0.713589 -0.002555
0.522016 -0.007790
0.484010 -0.008132
0.347961 -0.002895
0.810049 -0.001519
0.952831 -0.007503
0.866016 -0.003405
0.986346 0.653092
0.199204 0.085177
0.126412 0.987019
0.962600 0.873276
0.767734 0.569056
0.055090 0.801198
0.474921 0.440827
0.923789 0.257845
0.153872 0.027098
0.235441 0.805080
0.056782 0.884653
0.373499 0.199638
0.306381 0.101970
0.215423 0.331249
0.639630 0.609467
0.315670 0.077510
0.506044 0.549227
0.739741 0.935752
0.006202 0.161529
0.916867 0.083596
0.353953 0.275744
0.195224 0.357756
0.285940 0.089660
0.124409 0.470410
0.523174 0.343243
0.582947 0.341464
0.831759 0.861451
0.261191 0.036062
0.368142 0.471069
0.331865 0.698860
0.300143 0.249831
0.751436 0.425734
0.733438 0.465132
0.100842 0.576629
0.451407 0.674527
0.286052 0.727785
0.878438 0.033563
0.744950 0.691943
0.875249 0.241175
0.826282 0.799403
0.801944 0.094918
0.632979 0.884346
0.294445 0.258711
0.558748 0.830152
0.740381 0.183979
0.851211 0.693440
0.069506 0.936861
0.552770 0.532205
0.325188 0.732427
0.302165 0.211139
0.151058 0.099429
0.180824 0.838746
0.338099 0.751360
0.903308 0.515781
0.428826 0.228828
0.287655 0.131516
0.511656 0.733657
0.316344 0.063347
0.866969 0.658820
0.145436 0.649653
0.193758 0.900209
0.980279 0.539548
0.262279 0.449972
0.552477 0.891674
0.261484 0.719145
0.052807 0.774192
0.726804 0.391547
0.573125 0.379679
0.368435 0.726726
0.855052 0.664115
0.645150 0.585758
0.327098 0.233365
0.580442 0.769986
0.207660 0.744294
0.469704 0.985371
0.384275 0.984918
0.518813 0.720926
0.258760 0.964357
0.927428 0.160827
0.073967 0.204056
0.543053 0.468772
0.284464 0.907068
0.345471 0.540499
0.074397 0.443717
0.690998 0.065852
0.569434 0.450138
0.017786 0.767057
0.554658 0.018961
0.341031 0.617549
0.143987 0.014340
0.580730 0.620723
0.599684 0.335462
0.815570 0.391012
0.817619 0.345562
0.307325 0.295484
0.249100 0.822495
0.251455 0.404689
0.653190 0.901022
0.040553 0.924286
0.321518 0.049999
0.240186 0.073442
0.602689 0.488877
0.884120 0.209300
0.674126 0.961170
0.843080 0.593194
0.666773 0.384761
0.256997 0.516705
0.479868 0.963668
0.087171 0.205147
0.186310 0.825970
0.304699 0.556830
0.890516 0.876875
0.411007 0.065591
0.847346 0.236067
0.056583 0.840989
0.096600 0.183108
0.064021 0.562767
0.877268 0.305201
0.652301 0.223490
0.035036 0.644347
0.539466 0.996081
0.419234 0.950992
0.992671 0.199148
0.870255 0.698169
0.225537 0.600087
0.019226 0.713248
0.523429 0.731182
0.531444 0.866212
0.188736 0.911148
0.895282 0.840330
0.257831 0.208698
0.348179 0.431397
0.597494 0.377375
0.965271 0.324713
0.577955 0.150016
0.339964 0.025851
0.730905 0.366110
0.432957 0.123573
0.915275 0.322074
0.018190 0.925509
0.650558 0.433479
0.747028 0.061556
0.216831 0.754998
0.227343 0.848854
0.179050 0.290569
0.992252 0.400053
0.938849 0.988315
0.833175 0.665702
0.655474 0.245795
0.111628 0.953206
0.798950 0.259131
0.500605 0.052250
0.413825 0.277843
0.273467 0.924209
0.260791 0.750382
0.629837 0.335528
0.181485 0.429575
0.975619 0.674003
0.742888 0.146156
0.366188 0.015826
0.243835 0.847113
0.903867 0.328550
0.088825 0.610914
0.211988 0.463004
0.811278 0.023362
0.990229 0.429272
0.460858 0.666535
0.311548 0.397080
0.791951 0.702864
0.746142 0.574224
0.620874 0.199547
0.900244 0.097986
0.295392 0.897983
0.777355 0.175789
0.924384 0.841429
0.193216 0.464817
0.292882 0.680523
0.232761 0.682530
0.727928 0.091659
0.574623 0.222031
0.088583 0.191293
0.995213 0.003356
0.316712 0.699903
0.255304 0.313481
0.293996 0.577604
0.426130 0.528723
0.919482 0.037993
0.428783 0.110587
0.226541 0.164605
0.462724 0.345977
0.765461 0.798640
0.636310 0.255560
0.001533 0.849506
0.674777 0.020529
0.334658 0.765920
0.515986 0.019436
0.319968 0.458669
0.554534 0.508020
0.667239 0.561626
0.712883 0.970753
0.916029 0.383370
0.289847 0.275426
0.778635 0.387843
0.851991 0.851769
0.233247 0.289552
0.155270 0.982657
0.831344 0.599932
0.411268 0.173642
0.072639 0.968755
0.285492 0.824290
0.860440 0.533498
0.652713 0.962005
0.358405 0.815234
0.678505 0.241813
0.010109 0.117036
0.528538 0.445841
0.236102 0.787803
0.555723 0.991308
0.487524 0.392949
0.794732 0.981102
0.285277 0.447766
0.880501 0.795571
0.008142 0.037274
0.233335 0.374801
0.660847 0.124466
0.490661 0.088523
0.003893 0.220735
0.641644 0.569392
0.560584 0.031608
0.626087 0.644207
0.545533 0.846084
0.798742 0.876973
0.711241 0.167380
0.912932 0.770009
0.335007 0.891116
0.842129 0.201495
0.766337 0.537011
0.388871 0.108270
0.185230 0.046815
0.456115 0.935216
0.532021 0.026240
0.596288 0.506715
0.068074 0.144476
0.878102 0.494751
0.324237 0.640653
0.033786 0.060309
0.894437 0.386842
0.131667 0.793428
0.809522 0.239141
0.474273 0.127485
0.012430 0.408908
0.212845 0.787289
0.821494 0.704285
0.765128 0.766897
0.820628 0.603994
0.083444 0.513482
0.530523 0.540707
0.375490 0.793661
0.347294 0.516840
0.307513 0.999119
0.544757 0.503296
0.173045 0.044621
0.186389 0.396097
0.155368 0.672534
0.180606 0.871041
0.767899 0.467623
0.420432 0.913115
0.303903 0.469839
0.843949 0.182226
0.379243 0.068696
0.873448 0.094297
0.521041 0.521980
0.552143 0.192739
0.412212 0.206666
0.179472 0.665093
0.604202 0.034411
0.983711 0.242699
0.264624 0.788444
0.036023 0.087923
0.789427 0.062834
0.267920 0.264169
0.205233 0.323910
0.023628 0.213033
0.965562 0.113919
0.239209 0.222697
0.651842 0.942696
0.878365 0.125824
0.069465 0.039968
0.351200 0.749155
0.955059 0.401797
0.700404 0.514390
0.510228 0.092961
0.601772 0.010641
0.894388 0.056340
0.187995 0.235327
0.383573 0.180276
0.036538 0.165307
0.079056 0.818118
0.235375 0.253737
0.840877 0.245383
0.208745 0.774265
0.300872 0.781160
0.894992 0.187104
0.734062 0.415482
0.470735 0.641002
0.755661 0.907649
0.274807 0.365317
0.774036 0.637023
0.047895 0.292175
0.549060 0.903768
0.706315 0.985995
0.393205 0.562605
0.289731 0.239921
0.715532 0.517069
0.025596 0.905753
0.219978 0.268167
0.805448 0.063757
0.195120 0.430135
0.025469 0.570061
0.327280 0.983205
0.689261 0.225658
0.321770 0.359053
0.828847 0.300761
0.596466 0.517350
0.537716 0.363131
0.508509 0.516253
0.690537 0.987804
0.734534 0.707973
0.625888 0.444784
0.427826 0.487995
0.447378 0.619421
0.664108 0.628841
0.085603 0.494572
0.399972 0.265347
0.905168 0.801239
0.131539 0.179757
0.003015 0.947034
0.133338 0.577772
0.604551 0.786764
0.600481 0.134384
0.145494 0.470262
0.725676 0.743334
0.346763 0.058248
0.416663 0.473836
0.056841 0.628000
0.378387 0.330532
0.899974 0.789586
0.024629 0.847487
0.577593 0.093041
0.724567 0.456532
0.495226 0.178710
0.324003 0.297258
0.756589 0.637411
0.398081 0.924847
0.473584 0.110739
0.971416 0.464756
0.667518 0.040496
0.634110 0.710409
0.495026 0.751796
0.355455 0.567071
0.501173 0.776013
0.655946 0.758337
0.791886 0.016353
0.727565 0.627696
0.831999 0.163919
0.982699 0.808246
0.630283 0.723629
0.242653 0.694513
0.976524 0.913286
0.479960 0.609517
0.301621 0.762522
0.332260 0.243259
0.592014 0.270794
0.919417 0.924233
0.326069 0.931157
0.420390 0.588983
0.219296 0.982189
0.761574 0.040263
0.576852 0.700831
0.530180 0.489757
0.214869 0.573376
0.976936 0.137949
0.108698 0.599496
0.466350 0.907278
0.688493 0.016186
0.184160 0.798007
0.890819 0.285565
0.698884 0.650816
0.134121 0.714999
0.901332 0.646751
0.147308 0.320629
0.483207 0.788722
0.959332 0.477299
0.506466 0.581200
0.757067 0.782684
0.847697 0.557957
0.254610 0.140555
0.029917 0.691377
0.572541 0.529584
0.194462 0.453172
0.209434 0.477304
0.724533 0.038870
0.628431 0.788716
0.967748 0.013024
0.905964 0.924317
0.518731 0.240839
0.222926 0.453156
0.970301 0.129566
0.161157 0.008707
0.663051 0.146717
0.200538 0.273138
0.216756 0.588287
0.141939 0.307665
0.495690 0.008598
0.543091 0.391237
0.551562 0.651018
0.071062 0.811083
0.071875 0.105686
0.981861 0.587921
0.325681 0.993988
0.421351 0.262583
0.857647 0.597927
0.008981 0.806088
0.012781 0.546799
0.397133 0.288533
0.908347 0.047066
0.355252 0.208826
0.187856 0.205616
0.115034 0.348257
0.440771 0.311074
0.898693 0.866328
0.075890 0.412390
0.908082 0.090897
0.928594 0.879269
0.996396 0.582220
0.275309 0.569296
0.534694 0.265323
0.518032 0.866042
0.052712 0.233347
0.983095 0.444118
0.902715 0.403617
0.455903 0.008923
0.982357 0.899118
0.581458 0.435312
0.124918 0.406066
0.011529 0.185516
0.766486 0.140125
0.447143 0.358388
0.314573 0.447580
0.983741 0.708799
0.016566 0.741070
0.282177 0.410153
0.816879 0.208254
0.132777 0.837206
0.642370 0.062188
0.713589 0.997445
0.712430 0.959968
0.785025 0.249080
0.997504 0.621546
0.265275 0.606944
0.934212 0.557689
0.738584 0.234408
0.177423 0.157239
0.727906 0.676006
0.048070 0.697468
0.019062 0.811252
0.578313 0.883091
0.156096 0.544296
0.387326 0.389489
0.216283 0.493896
0.716422 0.436404
0.909412 0.453091
0.473685 0.500205
0.617397 0.735274
0.522016 0.992210
0.653410 0.535465
0.774939 0.403426
0.027977 0.859179
0.872135 0.930451
0.602527 0.201007
0.261673 0.105483
0.093313 0.716567
0.316052 0.828390
0.870785 0.648937
0.892782 0.611303
0.062391 0.726362
0.413188 0.939855
0.357914 0.063738
0.772713 0.185816
0.720848 0.912862
0.926375 0.375375
0.604231 0.602433
0.299035 0.380370
0.282986 0.465290
0.069519 0.381968
0.406122 0.477901
0.216014 0.818394
0.478033 0.975112
0.185326 0.606539
0.457535 0.195576
0.304791 0.317852
0.605228 0.465351
0.370953 0.938660
0.912449 0.966822
0.937194 0.310482
0.831257 0.033373
0.859763 0.905115
0.189132 0.514766
0.269578 0.144944
0.298884 0.857725
0.857656 0.139196
0.293619 0.869728
0.537665 0.196490
0.843664 0.321624
0.885081 0.542744
0.472764 0.084154
0.104757 0.842716
0.887062 0.486206
0.484223 0.057259
0.060809 0.193058
0.356153 0.933733
0.578266 0.055725
0.252910 0.757507
0.245840 0.986624
0.354738 0.918748
0.959846 0.951696
0.603737 0.242795
0.745423 0.411042
0.223068 0.692588
0.448619 0.644183
0.817413 0.896642
0.886137 0.324051
0.202919 0.054262
0.855382 0.821237
0.113197 0.963880
0.801980 0.078900
0.701731 0.800120
0.313079 0.626019
0.116288 0.082399
0.209849 0.153864
0.878388 0.394514
0.681399 0.655598
0.873965 0.289066
0.402402 0.813657
0.049936 0.096622
0.315678 0.903336
0.576086 0.170748
0.080273 0.546890
0.833498 0.142484
0.110244 0.303101
0.930171 0.101205
0.991721 0.314916
0.251855 0.444803
0.890016 0.076820
0.315672 0.919232
0.276608 0.623749
0.491772 0.506428
0.329289 0.015467
0.616167 0.983012
0.493964 0.209964
0.638546 0.737722
0.251529 0.654748
0.595227 0.539050
0.086643 0.989026
0.078173 0.088545
0.015519 0.954248
0.548100 0.605951
0.505874 0.803065
0.509132 0.757904
0.324934 0.549507
0.850805 0.723755
0.673240 0.488378
0.343152 0.868334
0.341951 0.350530
0.223870 0.067887
0.921862 0.221537
0.451096 0.229895
0.475782 0.271401
0.353745 0.363654
0.657071 0.279651
0.059980 0.368986
0.262492 0.420571
0.199966 0.781827
0.133100 0.342204
0.313917 0.878898
0.548415 0.056674
0.812730 0.659002
0.117186 0.279446
0.826355 0.229416
0.817795 0.421055
0.804999 0.206866
0.586736 0.751807
0.755008 0.028024
0.642247 0.692888
0.205607 0.843161
0.763078 0.214858
0.046862 0.178620
0.437142 0.701566
0.436658 0.332717
0.053858 0.357293
0.768967 0.614345
0.965642 0.147435
0.775421 0.689597
0.118246 0.759073
0.333508 0.676714
0.397713 0.133518
0.616647 0.796513
0.588618 0.564754
0.964749 0.547284
0.243076 0.744657
0.264720 0.470241
0.384263 0.208789
0.522080 0.280245
0.524626 0.405801
0.553597 0.270714
0.792314 0.031891
0.680625 0.872587
0.991789 0.796762
0.589888 0.914317
0.371213 0.284149
0.222734 0.053135
0.898233 0.199414
0.714269 0.731355
0.762081 0.350054
0.246810 0.730864
0.804365 0.776823
0.162408 0.347174
0.030700 0.034983
0.480000 0.024055
0.876854 0.678361
0.819307 0.195924
0.457011 0.448970
0.228871 0.110857
0.584537 0.578799
0.742880 0.772741
0.527608 0.358070
0.339844 0.901848
0.674072 0.325752
0.859416 0.703514
0.919436 0.607817
0.317451 0.508541
0.862660 0.007817
0.587402 0.848792
0.150729 0.335436
0.207920 0.506363
0.965059 0.346536
0.586910 0.293923
0.127899 0.001722
0.181658 0.270886
0.123862 0.738193
0.809125 0.533930
0.093120 0.597600
0.775368 0.855551
0.685681 0.125322
0.956709 0.415289
0.861674 0.307413
0.840432 0.542705
0.159402 0.395900
0.625010 0.048980
0.104747 0.201801
0.555307 0.548385
0.413831 0.382762
0.304590 0.970599
0.832680 0.766729
0.173360 0.016868
0.173456 0.437396
0.072569 0.020095
0.461899 0.125964
0.809144 0.495119
0.982135 0.392716
0.498823 0.369912
0.807998 0.325440
0.491662 0.966244
0.007623 0.257136
0.906094 0.432828
0.535443 0.430728
0.665055 0.642883
0.570431 0.710449
0.993432 0.872496
0.749727 0.815817
0.843044 0.885412
0.684424 0.404063
0.960569 0.797087
0.680999 0.926877
0.941977 0.782714
0.961549 0.516902
0.856805 0.643308
0.159434 0.563457
0.408468 0.949958
0.973140 0.451907
0.287045 0.393395
0.983634 0.121615
0.397593 0.718363
0.719616 0.682819
0.518085 0.077991
0.788329 0.734787
0.043055 0.572044
0.323972 0.418660
0.482540 0.239394
0.170137 0.933739
0.680965 0.758490
0.475998 0.943718
0.673030 0.476307
0.417387 0.130330
0.682665 0.560156
0.896638 0.263239
0.067020 0.676038
0.007412 0.576730
0.104701 0.064064
0.207391 0.263219
0.488357 0.767629
0.989829 0.352871
0.382050 0.971192
0.463602 0.497035
0.163405 0.058850
0.492175 0.164845
0.185303 0.307036
0.636699 0.159462
0.087502 0.761860
0.533770 0.708123
0.120863 0.379061
0.976501 0.356843
0.871178 0.081559
0.878976 0.756156
0.404985 0.614367
0.675175 0.857539
0.742781 0.851897
0.424509 0.250122
0.608100 0.858626
0.785241 0.415605
0.112434 0.802169
0.344246 0.702914
0.649469 0.000669
0.261817 0.233142
0.828018 0.512316
0.376903 0.645232
0.164702 0.578413
0.571218 0.438072
0.267072 0.691719
0.673233 0.586699
0.420235 0.537674
0.376743 0.118423
0.969795 0.756825
0.562297 0.919398
0.873013 0.428711
0.750844 0.889594
0.961399 0.163069
0.648831 0.616327
0.691463 0.633899
0.426368 0.840420
0.351318 0.892262
0.634306 0.584074
0.733661 0.349456
0.840541 0.067788
0.143287 0.397018
0.067879 0.769368
0.403053 0.492809
0.433072 0.680495
0.149659 0.617181
0.646862 0.926966
0.065885 0.948180
0.531484 0.141351
0.255605 0.890971
0.040507 0.974677
0.684527 0.444501
0.812101 0.910487
0.203566 0.583856
0.957408 0.274696
0.557744 0.630597
0.398666 0.457441
0.478483 0.400140
0.844018 0.340810
0.445317 0.506389
0.347280 0.982921
0.677870 0.189398
0.245422 0.097090
0.643903 0.973099
0.674995 0.546789
0.591603 0.702575
0.116073 0.096961
0.812339 0.550008
0.673705 0.607401
0.628405 0.148707
0.054996 0.126701
0.401394 0.523317
0.758407 0.411399
0.833850 0.455952
0.919250 0.620621
0.921034 0.400681
0.443897 0.067067
0.535745 0.554043
0.260687 0.909537
0.012073 0.725307
0.856524 0.523051
0.592646 0.495867
0.060924 0.639550
0.237431 0.647789
0.544702 0.319857
0.103057 0.760752
0.858457 0.260274
0.712977 0.457558
0.515759 0.326782
0.535992 0.973036
0.235192 0.944638
0.036609 0.424536
0.394716 0.593494
0.542779 0.760979
0.680911 0.513933
0.741897 0.525260
0.126137 0.108711
0.429372 0.457788
0.840724 0.902337
0.640402 0.778335
0.195125 0.683667
0.711423 0.757347
0.792948 0.672503
0.119671 0.712637
0.374523 0.230649
0.775366 0.442753
0.943917 0.941162
0.459128 0.782758
0.435427 0.542997
0.039086 0.246724
0.641589 0.175432
0.855850 0.432097
0.951240 0.613226
0.628147 0.860342
0.917425 0.551927
0.819669 0.456990
0.093340 0.893959
0.865724 0.405132
0.238552 0.956557
0.704545 0.265406
0.466335 0.242335
0.947449 0.475264
0.487635 0.121081
0.805831 0.188575
0.500782 0.625175
0.926094 0.008573
0.958611 0.976703
0.304484 0.666348
0.155026 0.428951
0.544826 0.221056
0.945289 0.464584
0.600256 0.302645
0.139211 0.371863
0.380787 0.958289
0.087886 0.458095
0.122171 0.806681
0.143739 0.231194
0.706949 0.778733
0.666679 0.517095
0.050043 0.908940
0.891874 0.116733
0.424662 0.605656
0.380306 0.251887
0.774458 0.967191
0.537165 0.776781
0.212052 0.731275
0.849560 0.498907
0.669449 0.430092
0.225529 0.298341
0.313225 0.936484
0.702148 0.862035
0.110634 0.230983
0.475195 0.918015
0.600861 0.254302
0.443215 0.164087
0.797553 0.163744
0.218972 0.019231
0.483962 0.827700
0.705017 0.538346
0.131374 0.761191
0.411577 0.759606
0.098589 0.771652
0.022536 0.287676
0.705886 0.812193
0.721188 0.824920
0.888931 0.343696
0.472799 0.672988
0.110185 0.137251
0.838970 0.393950
0.830412 0.021536
0.974572 0.106111
0.781626 0.471524
0.168293 0.140461
0.532450 0.007125
0.071766 0.852029
0.603030 0.395776
0.538398 0.532701
0.075005 0.985031
0.031665 0.672001
0.408603 0.355510
0.257039 0.293646
0.274938 0.247726
0.303811 0.743985
0.223823 0.510516
0.615155 0.261208
0.494645 0.029048
0.177912 0.242982
0.569260 0.066243
0.723991 0.761933
0.323087 0.719120
0.212566 0.295120
0.316126 0.193911
0.269863 0.062051
0.170843 0.489962
0.945271 0.680605
0.867982 0.973804
0.432400 0.786035
0.597894 0.654458
0.039555 0.400772
0.844493 0.456469
0.801226 0.377585
0.558419 0.402927
0.740958 0.791724
0.652553 0.985872
0.980349 0.845899
0.958037 0.809043
0.299510 0.225981
0.178600 0.387155
0.245471 0.497912
0.407314 0.794864
0.129726 0.422834
0.412357 0.234453
0.335020 0.606667
0.500133 0.818815
0.237872 0.361508
0.461170 0.741873
0.664017 0.105367
0.099109 0.660813
0.681034 0.667339
0.462279 0.945932
0.628047 0.023872
0.017342 0.053161
0.768905 0.589474
0.415575 0.817251
0.819911 0.444474
0.981382 0.564436
0.982361 0.331747
0.418176 0.858266
0.484010 0.991868
0.611284 0.309539
0.062293 0.204909
0.650933 0.236320
0.167922 0.261113
0.124579 0.456443
0.866430 0.717108
0.846963 0.138492
0.134204 0.263436
0.863525 0.581847
0.941098 0.497508
0.712859 0.061597
0.006276 0.388997
0.468124 0.284683
0.469090 0.730235
0.950637 0.373333
0.570970 0.019386
0.485214 0.199004
0.364548 0.364189
0.889382 0.023086
0.587316 0.016308
0.046481 0.380993
0.934181 0.956503
0.079306 0.002672
0.862050 0.356125
0.756168 0.830809
0.485548 0.564524
0.244553 0.924538
0.930073 0.347895
0.132940 0.557379
0.371896 0.449053
0.466608 0.179837
0.352506 0.832409
0.013105 0.650549
0.982466 0.268766
0.774212 0.007199
0.612641 0.276050
0.408163 0.983950
0.561665 0.120942
0.257837 0.854732
0.178364 0.946106
0.423326 0.622260
0.946551 0.444395
0.991788 0.838120
0.488168 0.916211
0.199430 0.486919
0.601218 0.557464
0.872949 0.742212
0.354407 0.759820
0.966778 0.771177
0.285729 0.362581
0.906266 0.016681
0.780703 0.628027
0.476034 0.000977
0.073515 0.458563
0.592200 0.417254
0.702390 0.694603
0.617495 0.409032
0.219870 0.313776
0.806573 0.820195
0.347961 0.997105
0.278194 0.484206
0.783231 0.160721
0.871191 0.764928
0.494042 0.600355
0.063297 0.215735
0.541196 0.949129
0.291393 0.478465
0.991376 0.019831
0.906900 0.734184
0.618567 0.924967
0.802143 0.482541
0.586605 0.809718
0.384822 0.658948
0.610028 0.547001
0.202543 0.530581
0.579921 0.233248
0.816283 0.877228
0.639548 0.911149
0.564817 0.571452
0.736680 0.114243
0.349830 0.486550
0.113661 0.735128
0.544391 0.129369
0.058927 0.104824
0.068830 0.360238
0.149383 0.874311
0.505567 0.445918
0.585404 0.838442
0.397567 0.800366
0.736027 0.060821
0.699780 0.600084
0.974955 0.510664
0.143478 0.163051
0.114438 0.452630
0.535292 0.820067
0.843464 0.302570
0.867620 0.506250
0.573139 0.133867
0.200207 0.173816
0.973675 0.614770
0.485290 0.546736
0.697986 0.128041
0.886432 0.161495
0.410997 0.701368
0.391031 0.832896
0.313939 0.849683
0.939836 0.019594
0.002068 0.500901
0.097225 0.682562
0.882972 0.920794
0.897350 0.489507
0.184803 0.333450
0.522588 0.788994
0.603165 0.065560
0.677438 0.052799
0.256785 0.989153
0.346432 0.295924
0.220949 0.914870
0.261944 0.619435
0.089219 0.313784
0.275809 0.473328
0.065625 0.781267
0.282341 0.935278
0.915860 0.575371
0.377227 0.782334
0.973374 0.660616
0.091791 0.780596
0.537782 0.741233
0.987301 0.180049
0.107621 0.547188
0.533623 0.220274
0.300395 0.367230
0.828603 0.825651
0.431748 0.649705
0.052279 0.714187
0.564128 0.154084
0.454613 0.726057
0.038058 0.541474
0.218432 0.970640
0.047373 0.515557
0.003481 0.771382
0.155296 0.916137
0.373918 0.490070
0.899174 0.251358
0.594306 0.817340
0.113404 0.535692
0.820677 0.641646
0.576879 0.677957
0.966319 0.054529
0.920379 0.298291
0.588783 0.195625
0.612121 0.636351
0.767406 0.812752
0.953117 0.454887
0.084444 0.623279
0.145801 0.356826
0.182032 0.774294
0.991387 0.939083
0.113905 0.425148
0.211692 0.890850
0.536771 0.103835
0.231927 0.721337
0.153570 0.072726
0.935257 0.040995
0.035124 0.869126
0.393655 0.960279
0.032350 0.377818
0.700640 0.209906
0.639575 0.126254
0.593173 0.119312
0.378654 0.011429
0.859675 0.891296
0.754416 0.799815
0.133562 0.274613
0.951663 0.499659
0.546718 0.422475
0.779029 0.769317
0.148273 0.150383
0.312147 0.204566
0.619249 0.464053
0.615327 0.006163
0.484152 0.343928
0.225558 0.133975
0.536675 0.052316
0.572827 0.607845
0.524961 0.642988
0.291165 0.325057
0.756831 0.441491
0.233420 0.521283
0.381368 0.280993
0.105461 0.353843
0.187279 0.029658
0.524342 0.383981
0.552527 0.943235
0.558763 0.102324
0.168501 0.515645
0.281962 0.649640
0.387134 0.411061
0.590323 0.967136
0.093855 0.058202
0.788177 0.360455
0.897663 0.127503
0.575440 0.721017
0.718666 0.711105
0.789121 0.491269
0.087660 0.419356
0.762010 0.373323
0.048695 0.748698
0.525041 0.227476
0.810049 0.998481
0.871773 0.328357
0.928946 0.439992
0.516460 0.104601
0.644339 0.883947
0.215104 0.424580
0.008184 0.984869
0.801370 0.600489
0.952831 0.992497
0.361168 0.328971
0.618195 0.509009
0.568126 0.906711
0.660921 0.786212
0.271090 0.182261
0.837113 0.049196
0.130921 0.298057
0.206109 0.349285
0.210897 0.213661
0.329206 0.274677
0.286849 0.006444
0.307565 0.340067
0.443932 0.199023
0.369420 0.747317
0.959753 0.847586
0.588833 0.109343
0.089071 0.929820
0.517069 0.494772
0.880508 0.616304
0.144898 0.111165
0.147488 0.964114
0.490710 0.630193
0.689439 0.710218
0.116070 0.935818
0.117944 0.642326
0.976955 0.947265
0.026105 0.363626
0.062710 0.154204
0.930722 0.335414
0.332179 0.480429
0.697325 0.349470
0.882203 0.868667
0.174208 0.221839
0.436936 0.046188
0.626516 0.091939
0.575947 0.657905
0.951997 0.909750
0.956791 0.240623
0.041313 0.763338
0.625782 0.250316
0.872918 0.056495
0.199099 0.928569
0.934967 0.366182
0.585795 0.178776
0.193412 0.547597
0.479281 0.889764
0.947431 0.280478
0.048206 0.158981
0.123326 0.689936
0.248489 0.909987
0.267537 0.952463
0.351975 0.793288
0.269579 0.805937
0.666890 0.718040
0.431229 0.182964
0.764479 0.159723
0.395855 0.880268
0.349697 0.340758
0.780439 0.912053
0.906290 0.377831
0.694465 0.746490
0.142340 0.673107
0.304217 0.123665
0.687667 0.167347
0.290220 0.566006
0.400608 0.111234
0.849053 0.477557
0.575342 0.470501
0.323473 0.112181
0.146001 0.884532
0.192031 0.252229
0.294078 0.882646
0.869001 0.817796
0.042869 0.683658
0.834956 0.261881
0.071019 0.600691
0.223083 0.675092
0.399876 0.054482
0.638110 0.093420
0.317877 0.606586
0.962327 0.072595
0.194170 0.001640
0.874113 0.860353
0.020481 0.007388
0.325931 0.802744
0.531573 0.958956
0.108264 0.820993
0.688660 0.812603
0.139929 0.822336
0.311309 0.271607
0.211026 0.798801
0.019766 0.594723
0.385705 0.345692
0.116872 0.522274
0.885509 0.972540
0.731525 0.530043
0.999768 0.345922
0.007621 0.208393
0.340797 0.323161
0.713262 0.390134
0.331130 0.507749
0.033185 0.782120
0.818018 0.137159
0.697567 0.939857
0.395951 0.376232
0.866016 0.996595
0.098478 0.172572
0.484522 0.937269
0.509596 0.216292
0.051465 0.649955
0.402996 0.220826
0.048006 0.466454
0.834459 0.101059
0.995213 1.003356
0.161157 1.008707
0.495690 1.008598
0.455903 1.008923
0.862660 1.007817
0.127899 1.001722
0.649469 1.000669
0.926094 1.008573
0.532450 1.007125
0.079306 1.002672
0.774212 1.007199
0.476034 1.000977
0.615327 1.006163
0.286849 1.006444
0.194170 1.001640
0.020481 1.007388
1.006202 0.161529
1.001533 0.849506
1.008142 0.037274
1.003893 0.220735
1.003015 0.947034
1.008981 0.806088
1.007623 0.257136
1.007412 0.576730
1.006276 0.388997
1.002068 0.500901
1.003481 0.771382
1.008184 0.984869
1.007621 0.208393
