-0.007039 0.533695
-0.003208 0.310086
0.054499 -0.001600
0.476633 -0.009463
0.307472 0.325272
0.944397 0.867876
0.633137 0.556510
0.369767 0.531188
0.695429 0.735456
0.642719 0.770719
0.224598 0.431830
0.280555 0.824902
0.567656 0.777716
0.402530 0.685573
0.830196 0.810922
0.843169 0.348373
0.938789 0.072642
0.191493 0.549308
0.473068 0.075969
0.027669 0.051651
0.394293 0.972280
0.357932 0.529803
0.754378 0.361192
0.215639 0.014600
0.671757 0.183408
0.536287 0.262944
0.327010 0.978057
0.199449 0.802492
0.457472 0.572459
0.185828 0.119375
0.260704 0.618001
0.497009 0.988205
0.143066 0.353996
0.528892 0.685064
0.515825 0.090744
0.958893 0.446291
0.327091 0.036270
0.513323 0.805309
0.935986 0.484747
0.469850 0.844307
0.121247 0.151263
0.664570 0.817385
0.813310 0.872516
0.411224 0.116276
0.025963 0.140265
0.676929 0.841363
0.604344 0.170253
0.567849 0.844815
0.387638 0.614336
0.511441 0.422069
0.100299 0.775808
0.261107 0.055821
0.362384 0.204735
0.683874 0.121386
0.496511 0.653882
0.531370 0.954873
0.711451 0.848872
0.464571 0.831917
0.552036 0.363590
0.677023 0.765664
0.462302 0.616887
0.195282 0.676484
0.196548 0.566203
0.950976 0.962358
0.780872 0.771414
0.498902 0.111738
0.915425 0.855278
0.194865 0.379097
0.199557 0.633207
0.110980 0.970892
0.943316 0.643864
0.428537 0.836139
0.144608 0.166214
0.914477 0.481420
0.399169 0.519999
0.917020 0.665958
0.100062 0.928957
0.225968 0.828051
0.924523 0.810523
0.722847 0.142627
0.725367 0.771604
0.685773 0.946673
0.715044 0.245437
0.185144 0.260874
0.078525 0.031034
0.483976 0.407129
0.468669 0.627945
0.292702 0.105454
0.532700 0.914611
0.611328 0.883386
0.322803 0.223811
0.729784 0.351715
0.375433 0.292221
0.336310 0.834725
0.930962 0.660395
0.800442 0.289809
0.980118 0.934661
0.252889 0.702014
0.227204 0.702599
0.372388 0.764357
0.578817 0.346621
0.647895 0.790105
0.214318 0.964217
0.184434 0.688455
0.877845 0.960482
0.448048 0.660161
0.177909 0.570203
0.875365 0.188963
0.520634 0.412905
0.390760 0.460862
0.841927 0.105502
0.583814 0.417639
0.285878 0.852881
0.322958 0.047341
0.736750 0.026057
0.114312 0.110734
0.600376 0.371173
0.405600 0.886592
0.325269 0.370134
0.440725 0.110841
0.530543 0.139221
0.648370 0.957599
0.664252 0.795803
0.423835 0.146592
0.483062 0.829857
0.307027 0.900244
0.536329 0.066751
0.173802 0.067376
0.821816 0.281619
0.802981 0.125425
0.380857 0.207236
0.183939 0.734556
0.758988 0.976667
0.682816 0.822622
0.161150 0.072402
0.477761 0.364938
0.623469 0.042760
0.553818 0.824507
0.524514 0.974536
0.531738 0.941745
0.771150 0.988440
0.542175 0.694500
0.471984 0.254753
0.175429 0.888765
0.704656 0.087997
0.661183 0.909388
0.733939 0.255023
0.163059 0.252856
0.665030 0.477921
0.487527 0.287241
0.665658 0.512189
0.625403 0.477548
0.333428 0.893524
0.361033 0.543945
0.184532 0.964658
0.857827 0.211436
0.516947 0.051135
0.414097 0.335540
0.347308 0.049203
0.231118 0.211458
0.204407 0.701963
0.181707 0.328831
0.254349 0.518789
0.569651 0.241950
0.155469 0.855819
0.273100 0.537113
0.640634 0.867024
0.972269 0.571198
0.765289 0.708996
0.966007 0.628501
0.546908 0.561805
0.183677 0.642320
0.437662 0.671603
0.839980 0.790813
0.765948 0.548491
0.010980 0.809323
0.814242 0.651025
0.053845 0.443493
0.298464 0.432468
0.624372 0.354916
0.937155 0.138424
0.273175 0.268753
0.669671 0.072724
0.167115 0.522817
0.207374 0.665370
0.953289 0.413382
0.046699 0.462997
0.808692 0.964458
0.127910 0.407933
0.680576 0.498059
0.423991 0.987101
0.441568 0.787208
0.545799 0.859746
0.904952 0.785774
0.881181 0.098249
0.225756 0.649830
0.471713 0.701655
0.148043 0.200892
0.376838 0.332590
0.347566 0.612270
0.506125 0.255372
0.992961 0.533695
0.312882 0.404237
0.789008 0.021328
0.119872 0.288329
0.902105 0.507002
0.910784 0.269797
0.834058 0.621363
0.585997 0.621767
0.359415 0.474952
0.313957 0.066463
0.243020 0.605843
0.432007 0.435134
0.094993 0.059415
0.873154 0.166312
0.141568 0.655122
0.085736 0.774931
0.523517 0.242221
0.128267 0.121529
0.045482 0.790319
0.078209 0.461646
0.853323 0.653430
0.801717 0.985093
0.707745 0.372467
0.704270 0.804820
0.088457 0.069213
0.773167 0.865024
0.353750 0.684645
0.604428 0.195489
0.648647 0.329118
0.423915 0.809430
0.709107 0.300392
0.099304 0.350878
0.864156 0.880353
0.980479 0.434332
0.832501 0.352846
0.432289 0.337799
0.149297 0.227915
0.621770 0.779810
0.232774 0.023571
0.589244 0.155114
0.132785 0.602211
0.720971 0.734668
0.884293 0.847760
0.275216 0.492806
0.804565 0.585399
0.679866 0.224707
0.211982 0.685971
0.890040 0.253121
0.845869 0.125960
0.638700 0.948569
0.788069 0.610112
0.603226 0.248210
0.308266 0.703190
0.494121 0.967223
0.051533 0.927169
0.266309 0.944179
0.643922 0.473569
0.787605 0.008244
0.147523 0.685722
0.540117 0.545703
0.482778 0.109235
0.566439 0.347935
0.823094 0.475841
0.979603 0.062654
0.220057 0.569972
0.294325 0.349787
0.502293 0.901519
0.491532 0.054870
0.176584 0.409196
0.650318 0.488483
0.937002 0.899338
0.660095 0.831382
0.862780 0.353631
0.395755 0.061532
0.576575 0.734418
0.910770 0.498293
0.341640 0.254815
0.859574 0.557167
0.967442 0.928484
0.411617 0.075333
0.971707 0.372588
0.105533 0.246376
0.886852 0.693674
0.239958 0.874929
0.727400 0.725466
0.657167 0.705079
0.621681 0.294445
0.557943 0.111300
0.222350 0.535576
0.599388 0.886457
0.224881 0.956571
0.166786 0.664328
0.334995 0.513238
0.460940 0.661014
0.126723 0.543694
0.132415 0.418486
0.629258 0.510806
0.934778 0.612507
0.628413 0.244922
0.432179 0.418252
0.907664 0.126856
0.984521 0.224215
0.723312 0.857138
0.290793 0.960034
0.779363 0.309989
0.971905 0.813434
0.370103 0.653472
0.881683 0.815387
0.598302 0.501179
0.417191 0.489822
0.921581 0.531001
0.786965 0.093595
0.100690 0.271035
0.947427 0.975537
0.721926 0.666838
0.865026 0.433141
0.260448 0.426754
0.853331 0.800342
0.892140 0.137811
0.200559 0.420304
0.049853 0.284183
0.089626 0.041480
0.307105 0.830452
0.010892 0.852670
0.340920 0.359856
0.394813 0.670486
0.138560 0.391976
0.317853 0.825778
0.107749 0.938661
0.412453 0.778485
0.434389 0.189082
0.079325 0.909964
0.362297 0.878539
0.889002 0.381308
0.366317 0.218563
0.886182 0.397813
0.142166 0.815947
0.459314 0.259138
0.703617 0.439617
0.025883 0.321681
0.429099 0.272461
0.160122 0.791428
0.547702 0.310451
0.895318 0.366257
0.329022 0.614757
0.196049 0.327196
0.177352 0.458331
0.800968 0.435426
0.083030 0.581772
0.554002 0.035769
0.164748 0.920836
0.382636 0.518605
0.318030 0.533014
0.681913 0.331250
0.306963 0.743772
0.597540 0.052299
0.355439 0.022941
0.584341 0.087656
0.670121 0.570270
0.810096 0.133864
0.106842 0.800046
0.308654 0.081561
0.975627 0.233957
0.182275 0.841130
0.246051 0.091497
0.988785 0.456853
0.053152 0.012946
0.929790 0.442459
0.701651 0.942281
0.016522 0.260090
0.477002 0.568107
0.758960 0.251417
0.201937 0.889485
0.657967 0.634768
0.015725 0.184592
0.024898 0.794623
0.301395 0.486479
0.714068 0.000437
0.717890 0.460762
0.703211 0.788804
0.008667 0.250544
0.093206 0.784612
0.016019 0.834665
0.069172 0.190076
0.077143 0.750817
0.459106 0.199018
0.323668 0.958291
0.157974 0.715969
0.234941 0.811178
0.784252 0.742854
0.742559 0.086362
0.304317 0.457870
0.544277 0.424950
0.224748 0.356380
0.087843 0.420388
0.054499 0.998400
0.108976 0.950467
0.657461 0.876897
0.912224 0.028904
0.457269 0.424967
0.487531 0.908119
0.902693 0.629243
0.865307 0.667290
0.351291 0.224182
0.488702 0.480632
0.277362 0.766978
0.755408 0.299786
0.378661 0.507946
0.767680 0.386835
0.642585 0.306760
0.717996 0.522809
0.070982 0.596021
0.635616 0.340578
0.037036 0.179458
0.118349 0.692841
0.665859 0.949853
0.663976 0.024489
0.050229 0.422597
0.144323 0.332518
0.277867 0.969574
0.265820 0.403865
0.268229 0.780367
0.710380 0.757620
0.234633 0.427231
0.154718 0.017787
0.560176 0.398735
0.179052 0.785186
0.310054 0.876267
0.084063 0.478137
0.117348 0.711018
0.546966 0.948908
0.675819 0.276941
0.621549 0.096600
0.741070 0.854473
0.677089 0.708497
0.096696 0.385865
0.185727 0.342954
0.080320 0.818654
0.160841 0.780493
0.803725 0.149233
0.880941 0.495625
0.615720 0.606815
0.771076 0.273396
0.975153 0.453366
0.429676 0.499226
0.236332 0.198818
0.511877 0.639211
0.136920 0.263611
0.718370 0.500848
0.161426 0.362762
0.272571 0.679102
0.676822 0.261148
0.406589 0.869108
0.874848 0.364716
0.584760 0.805452
0.747229 0.203356
0.184201 0.246265
0.587532 0.714949
0.354457 0.901393
0.573341 0.451455
0.478738 0.736684
0.586126 0.726697
0.392330 0.886157
0.960270 0.578016
0.396559 0.730179
0.606972 0.718990
0.759055 0.785932
0.779851 0.791700
0.814479 0.592059
0.499513 0.580303
0.124657 0.790981
0.866618 0.807843
0.341293 0.216711
0.512211 0.447347
0.584738 0.312500
0.063373 0.722098
0.242368 0.701920
0.546985 0.769254
0.729116 0.560781
0.268749 0.346336
0.764051 0.560404
0.115030 0.594709
0.416514 0.428420
0.124759 0.340499
0.363346 0.603871
0.673931 0.215095
0.150703 0.123175
0.257435 0.034813
0.850182 0.727522
0.412929 0.146059
0.547684 0.807428
0.448754 0.712281
0.808148 0.221375
0.298862 0.980309
0.704161 0.400640
0.733300 0.542461
0.552835 0.137802
0.684378 0.287873
0.920037 0.123717
0.756873 0.443668
0.649569 0.973201
0.863969 0.473305
0.906712 0.325266
0.636844 0.935706
0.719620 0.126661
0.853198 0.050885
0.515258 0.587033
0.700768 0.862981
0.209788 0.385268
0.800691 0.496231
0.897737 0.152473
0.156375 0.905332
0.072577 0.357312
0.858594 0.449682
0.104947 0.516182
0.915305 0.677432
0.861400 0.367586
0.588253 0.059062
0.737914 0.395384
0.216761 0.162589
0.596190 0.137636
0.009855 0.825038
0.186945 0.079398
0.090966 0.754511
0.924770 0.108547
0.628742 0.826441
0.088587 0.019594
0.899347 0.482896
0.814296 0.927432
0.138299 0.142489
0.873720 0.309710
0.171092 0.841106
0.467080 0.535393
0.986250 0.111492
0.637098 0.131153
0.902545 0.919284
0.555231 0.326800
0.913069 0.433970
0.783338 0.232025
0.247337 0.061166
0.534627 0.487156
0.799980 0.677186
0.697624 0.355835
0.555573 0.531014
0.384206 0.751251
0.679833 0.591095
0.071723 0.150225
0.321385 0.873153
0.789856 0.673415
0.400202 0.953753
0.852408 0.389019
0.680484 0.467278
0.150840 0.240406
0.218214 0.582013
0.323198 0.026502
0.603086 0.546332
0.605611 0.486940
0.996792 0.310086
0.271505 0.205153
0.860582 0.128385
0.817595 0.859578
0.497394 0.872408
0.710579 0.629654
0.631500 0.921663
0.983462 0.669526
0.147308 0.033410
0.214195 0.334714
0.048662 0.500736
0.444558 0.308007
0.859666 0.539685
0.354328 0.085792
0.406631 0.464350
0.222366 0.069526
0.723006 0.213383
0.297015 0.576003
0.761472 0.821261
0.486000 0.469918
0.500509 0.757932
0.293393 0.814081
0.157699 0.659034
0.692006 0.981078
0.918559 0.515408
0.633685 0.380169
0.090777 0.231530
0.084097 0.987838
0.461886 0.765912
0.747291 0.470032
0.448240 0.803786
0.599512 0.426883
0.312192 0.309687
0.718958 0.687239
0.553300 0.879111
0.064639 0.891303
0.625345 0.060434
0.981685 0.895115
0.303067 0.543197
0.476633 0.990537
0.373118 0.847064
0.034034 0.776624
0.332506 0.260271
0.584177 0.866829
0.539978 0.286842
0.680183 0.406962
0.134729 0.581937
0.123756 0.941924
0.322997 0.721008
0.830360 0.062593
0.829403 0.688172
0.047465 0.684140
0.898084 0.057801
0.097478 0.397986
0.894307 0.670603
0.824436 0.868541
0.630400 0.572471
0.458006 0.442414
0.278755 0.192916
0.393832 0.632389
0.226149 0.039838
0.089118 0.323416
0.898608 0.524721
0.830478 0.517509
0.396294 0.206392
0.721466 0.365306
0.554459 0.639404
0.020777 0.196556
0.248657 0.637145
0.693328 0.760637
0.261055 0.195353
0.840167 0.212767
0.720412 0.597715
0.150195 0.573005
0.401682 0.339430
0.453750 0.354616
0.414433 0.321705
0.908034 0.949823
0.809127 0.270910
0.686818 0.913362
0.093724 0.296964
0.770117 0.518973
0.617104 0.119180
0.787605 1.008244
0.714068 1.000437
1.008667 0.250544
1.009855 0.825038
