0.359319 -0.008838
0.074007 0.832909
0.253907 0.170218
0.471417 0.231680
0.304791 0.497779
0.843458 0.823806
0.057085 0.143648
0.256870 0.889543
0.248429 0.372803
0.308594 0.425669
0.127212 0.777070
0.208146 0.790958
0.823268 0.283508
0.109974 0.418662
0.160452 0.055533
0.765426 0.860846
0.792025 0.297176
0.863611 0.732248
0.060883 0.667348
0.072597 0.097001
0.516246 0.731860
0.284213 0.984868
0.579446 0.937345
0.238626 0.844893
0.451815 0.062413
0.075773 0.787426
0.107326 0.989549
0.499311 0.740906
0.352714 0.073105
0.823603 0.241941
0.056488 0.058505
0.709125 0.427374
0.698155 0.840343
0.377037 0.532828
0.746917 0.399663
0.765732 0.467281
0.882205 0.275075
0.713573 0.133231
0.343304 0.521672
0.330744 0.694772
0.859067 0.913545
0.870422 0.770388
0.747282 0.704193
0.598568 0.679236
0.299694 0.540441
0.926595 0.705451
0.771253 0.576588
0.962878 0.030706
0.528530 0.267783
0.192980 0.173872
0.183936 0.295856
0.377562 0.634267
0.380011 0.463914
0.755718 0.255595
0.681581 0.040635
0.454086 0.797013
0.565766 0.607430
0.751853 0.674300
0.731645 0.361953
0.895290 0.971747
0.011284 0.545335
0.708927 0.928965
0.034078 0.915054
0.578073 0.140438
0.308962 0.247919
0.047295 0.198614
0.298145 0.989568
0.973399 0.500186
0.589536 0.732302
0.243886 0.086881
0.897529 0.899069
0.260163 0.745648
0.398378 0.688067
0.002342 0.840441
0.791674 0.274212
0.847503 0.301824
0.142376 0.697027
0.207286 0.187300
0.372924 0.714924
0.424525 0.298829
0.677596 0.335091
0.948137 0.114700
0.913315 0.921934
0.013788 0.033616
0.531382 0.737657
0.693461 0.546336
0.325071 0.578867
0.303846 0.264374
0.667637 0.307946
0.634512 0.560312
0.099707 0.381427
0.567616 0.050170
0.479981 0.023293
0.439779 0.242349
0.811435 0.439316
0.887804 0.104336
0.936903 0.373502
0.161515 0.014795
0.366348 0.429937
0.426556 0.017123
0.867224 0.718057
0.229949 0.313905
0.979005 0.941548
0.773027 0.831141
0.504288 0.674291
0.175849 0.390161
0.918471 0.962319
0.760075 0.072998
0.423011 0.177926
0.260026 0.416721
0.232604 0.171068
0.434667 0.225033
0.947404 0.377517
0.359319 0.991162
0.325910 0.892327
0.369957 0.002407
0.760934 0.426664
0.130188 0.851995
0.470537 0.012990
0.867280 0.872867
0.021665 0.873915
0.870307 0.107192
0.959238 0.414679
0.917157 0.535785
0.248535 0.781896
0.600883 0.203636
0.376290 0.065367
0.987482 0.516331
0.369957 1.002407
1.002342 0.840441
