-0.009279 0.699634
-0.009666 0.177933
-0.008530 0.155955
-0.000380 0.605106
-0.008834 0.808540
-0.001214 0.733665
-0.006918 0.027324
-0.002326 0.418799
-0.001742 0.785791
0.373813 -0.003212
0.112901 -0.002892
0.462560 -0.002843
0.509389 -0.000633
0.491760 -0.007795
0.418293 -0.000538
0.181102 -0.003977
0.903188 -0.000029
0.030901 -0.000461
0.196058 -0.006382
0.488904 0.569121
0.341460 0.417923
0.176772 0.834777
0.675795 0.185443
0.611133 0.705152
0.028319 0.520869
0.259120 0.508216
0.973241 0.818232
0.858761 0.896617
0.299505 0.880025
0.255213 0.192148
0.186618 0.861108
0.444599 0.386606
0.832006 0.206492
0.897803 0.459503
0.163450 0.268750
0.520701 0.772368
0.387391 0.044425
0.986848 0.523024
0.843683 0.891857
0.685589 0.517844
0.031844 0.215882
0.085304 0.796877
0.401806 0.049794
0.316489 0.871220
0.931406 0.425734
0.866155 0.480643
0.908342 0.250534
0.526644 0.244831
0.838439 0.525723
0.349804 0.257132
0.168828 0.599235
0.810992 0.848919
0.844772 0.235003
0.508285 0.669355
0.090741 0.542999
0.297991 0.381843
0.533887 0.426526
0.232036 0.028419
0.026028 0.274301
0.694481 0.329998
0.750489 0.795652
0.053742 0.009224
0.728125 0.664392
0.585327 0.919038
0.167337 0.971964
0.219607 0.038249
0.228961 0.707766
0.352622 0.709488
0.588693 0.108756
0.646823 0.731115
0.863380 0.022648
0.151201 0.525194
0.226565 0.841663
0.430033 0.299390
0.577169 0.344752
0.857011 0.286569
0.440954 0.766391
0.383014 0.238804
0.393912 0.195833
0.440701 0.618401
0.231855 0.871433
0.731420 0.319949
0.811777 0.458856
0.675969 0.287785
0.730520 0.734221
0.707929 0.209465
0.171159 0.533741
0.708862 0.001013
0.190983 0.736014
0.232890 0.335191
0.139030 0.336518
0.566146 0.460993
0.891545 0.117399
0.106180 0.391890
0.696743 0.888527
0.046204 0.292178
0.953748 0.760970
0.055771 0.028424
0.927071 0.370590
0.015834 0.503636
0.949154 0.932438
0.053707 0.914552
0.503754 0.191540
0.618835 0.875323
0.419878 0.930432
0.530359 0.844397
0.760505 0.648948
0.929290 0.698580
0.238032 0.540336
0.377261 0.632882
0.987599 0.776930
0.716882 0.842620
0.261914 0.461283
0.362922 0.616994
0.309450 0.632657
0.779053 0.888038
0.678838 0.214395
0.196742 0.410608
0.766982 0.786699
0.599596 0.160061
0.515302 0.468986
0.513685 0.441904
0.974453 0.350325
0.197700 0.478593
0.888893 0.559826
0.249118 0.264965
0.563380 0.793156
0.021178 0.736915
0.401138 0.710066
0.641101 0.647793
0.958726 0.515669
0.012846 0.828594
0.626535 0.608387
0.705995 0.535060
0.061140 0.555622
0.066898 0.751989
0.035388 0.958622
0.373813 0.996788
0.758731 0.083353
0.512740 0.866936
0.659336 0.068854
0.925141 0.039355
0.990721 0.699634
0.861983 0.168359
0.690505 0.848481
0.229517 0.124896
0.051182 0.639516
0.078212 0.770704
0.557131 0.094064
0.728461 0.420108
0.670847 0.806677
0.889783 0.668216
0.828957 0.968009
0.749572 0.581148
0.952475 0.214831
0.205991 0.985370
0.516447 0.238191
0.386223 0.212828
0.298394 0.688051
0.622623 0.103552
0.286049 0.601357
0.868488 0.815685
0.374918 0.482972
0.777823 0.218991
0.155173 0.246903
0.977155 0.540759
0.664646 0.673076
0.613632 0.066637
0.460913 0.351007
0.605222 0.612159
0.304220 0.839084
0.216990 0.534893
0.342469 0.165743
0.611833 0.284873
0.302321 0.500718
0.528690 0.014161
0.118094 0.139148
0.762085 0.206969
0.503514 0.233755
0.662131 0.641812
0.849670 0.873899
0.946830 0.808564
0.076708 0.300011
0.105232 0.702905
0.805350 0.057274
0.188277 0.279546
0.753052 0.406690
0.318388 0.438576
0.350358 0.460805
0.412204 0.947122
0.947890 0.460436
0.370184 0.336728
0.488436 0.851530
0.068146 0.526236
0.328805 0.342104
0.731013 0.833160
0.707759 0.158150
0.976820 0.559798
0.472152 0.395294
0.084356 0.276373
0.366973 0.797172
0.011825 0.229690
0.687073 0.036681
0.786350 0.660982
0.755098 0.517653
0.990334 0.177933
0.437027 0.630586
0.673615 0.917499
0.907602 0.063821
0.637231 0.481091
0.287509 0.721540
0.802387 0.683330
0.115494 0.957639
0.335553 0.318292
0.668348 0.146785
0.278004 0.659416
0.542227 0.284095
0.976196 0.574579
0.727197 0.879310
0.662083 0.521801
0.254766 0.673680
0.859101 0.472531
0.487560 0.915068
0.489817 0.484302
0.274132 0.091088
0.665940 0.125556
0.108805 0.442896
0.553112 0.962538
0.571510 0.075890
0.362472 0.019482
0.463907 0.955899
0.977569 0.142975
0.272785 0.970877
0.771915 0.605854
0.842383 0.678594
0.923508 0.974727
0.709768 0.639968
0.467938 0.557166
0.094344 0.819905
0.374735 0.912231
0.839393 0.592904
0.095933 0.238321
0.023298 0.154033
0.880446 0.118961
0.859938 0.865489
0.895458 0.011689
0.796099 0.182146
0.032305 0.163146
0.548176 0.768396
0.779512 0.349070
0.708253 0.330624
0.616060 0.458894
0.219120 0.432058
0.639367 0.831134
0.708726 0.179772
0.579904 0.777896
0.759045 0.250623
0.343767 0.730731
0.287284 0.443894
0.839832 0.983656
0.614553 0.176550
0.064096 0.685697
0.229935 0.664512
0.844225 0.735046
0.899502 0.244236
0.883624 0.045630
0.492896 0.580433
0.948949 0.631653
0.472531 0.121586
0.279711 0.769213
0.750798 0.018085
0.848456 0.902347
0.676039 0.040598
0.495419 0.686581
0.036871 0.250573
0.316445 0.166810
0.459626 0.917840
0.049015 0.281928
0.815134 0.893113
0.790276 0.022639
0.079228 0.920870
0.514140 0.042467
0.790627 0.728113
0.095400 0.789486
0.707159 0.389814
0.906136 0.127345
0.460342 0.527283
0.614050 0.051782
0.021533 0.111480
0.555300 0.605070
0.784043 0.954756
0.194315 0.466677
0.911121 0.415959
0.298013 0.257360
0.831904 0.694536
0.006178 0.637152
0.815013 0.661319
0.334935 0.959159
0.535347 0.566640
0.115863 0.508916
0.814973 0.632271
0.130092 0.533243
0.951083 0.077994
0.436731 0.781661
0.163640 0.692838
0.434680 0.819903
0.267898 0.529283
0.649213 0.180938
0.198096 0.155647
0.985858 0.250565
0.304418 0.711426
0.470877 0.626702
0.208279 0.391608
0.171073 0.580534
0.260636 0.837199
0.752961 0.364528
0.599644 0.342732
0.436480 0.258221
0.432073 0.035584
0.078729 0.339456
0.208439 0.743206
0.498214 0.068514
0.390159 0.258840
0.755175 0.879029
0.868762 0.212494
0.445477 0.022415
0.776550 0.400713
0.623329 0.973552
0.379021 0.696842
0.452309 0.443485
0.243758 0.167735
0.644418 0.012675
0.010867 0.413518
0.244178 0.409853
0.048102 0.948194
0.037086 0.533980
0.523725 0.086671
0.231740 0.383486
0.424719 0.773618
0.852967 0.945747
0.118233 0.187719
0.109123 0.454469
0.202173 0.283320
0.340158 0.610376
0.656672 0.979675
0.423709 0.835363
0.189470 0.391234
0.562107 0.956839
0.044218 0.064534
0.908336 0.693968
0.854290 0.772368
0.958049 0.382651
0.421071 0.260807
0.497487 0.009572
0.878769 0.329909
0.279092 0.307230
0.442836 0.891602
0.325337 0.374542
0.775480 0.657429
0.006011 0.087571
0.112461 0.494784
0.471228 0.536119
0.934253 0.062091
0.509327 0.389793
0.118717 0.655242
0.260896 0.520447
0.932339 0.522753
0.627445 0.845581
0.875444 0.054172
0.071269 0.195405
0.541639 0.546293
0.261871 0.209376
0.736200 0.406097
0.515490 0.710579
0.991470 0.155955
0.474388 0.479281
0.423915 0.487341
0.013807 0.986539
0.950181 0.784282
0.074258 0.417590
0.359237 0.986697
0.939045 0.015435
0.473261 0.898162
0.143665 0.245725
0.131466 0.703080
0.330047 0.103476
0.598768 0.667819
0.076440 0.392682
0.231562 0.946170
0.359416 0.290725
0.095944 0.644943
0.496118 0.266438
0.732869 0.949299
0.965719 0.828454
0.189881 0.784472
0.459725 0.125371
0.383115 0.067425
0.910506 0.975407
0.698077 0.245961
0.675438 0.089906
0.968359 0.664780
0.113188 0.082766
0.035856 0.571973
0.839619 0.768347
0.999620 0.605106
0.235445 0.679271
0.429009 0.166282
0.542743 0.588611
0.811607 0.472210
0.918470 0.863486
0.521837 0.528937
0.679585 0.681684
0.616956 0.925926
0.166149 0.864116
0.274263 0.573973
0.124804 0.517639
0.080843 0.370269
0.674095 0.026344
0.651789 0.892672
0.450219 0.866937
0.750486 0.448163
0.233471 0.454083
0.047725 0.611331
0.017090 0.624320
0.194364 0.505823
0.479799 0.710547
0.690331 0.726050
0.441036 0.328633
0.547104 0.858383
0.914377 0.626000
0.161003 0.138232
0.595456 0.606960
0.644309 0.063605
0.063451 0.603855
0.408255 0.438805
0.079413 0.407664
0.112901 0.997108
0.705891 0.465444
0.120492 0.750768
0.965252 0.866736
0.879764 0.173660
0.287731 0.851303
0.462560 0.997157
0.281093 0.358179
0.740007 0.546620
0.083239 0.197516
0.507846 0.300957
0.240542 0.775995
0.892514 0.053070
0.556634 0.151348
0.536505 0.712475
0.818733 0.874101
0.621712 0.010607
0.222272 0.052616
0.514456 0.892836
0.579625 0.628048
0.144293 0.748616
0.280661 0.868780
0.802124 0.488377
0.973570 0.527162
0.217558 0.196585
0.017692 0.344328
0.835301 0.274665
0.657564 0.169770
0.294630 0.370610
0.648929 0.567779
0.512237 0.060419
0.777825 0.030009
0.680376 0.892743
0.692675 0.784979
0.632413 0.690286
0.802623 0.375787
0.047874 0.103000
0.540496 0.849335
0.532469 0.908609
0.089655 0.863946
0.857452 0.882896
0.134095 0.881298
0.193673 0.846623
0.207981 0.670540
0.216446 0.064747
0.585564 0.245786
0.740053 0.223021
0.000419 0.002928
0.537075 0.191615
0.668722 0.784394
0.522054 0.795819
0.578074 0.515316
0.388879 0.580182
0.492930 0.558931
0.854614 0.691460
0.045329 0.901059
0.254255 0.555696
0.613240 0.820171
0.548520 0.026271
0.837522 0.960755
0.831158 0.402244
0.503189 0.652647
0.878436 0.230012
0.800361 0.753220
0.982336 0.111093
0.716864 0.666687
0.177980 0.354683
0.194609 0.173127
0.917874 0.354545
0.232886 0.016065
0.450022 0.695529
0.627447 0.148960
0.329446 0.280448
0.411507 0.853562
0.304530 0.759685
0.787061 0.943816
0.112633 0.866592
0.849696 0.295132
0.233360 0.477209
0.191059 0.913987
0.315860 0.108736
0.439281 0.537876
0.049176 0.551435
0.591429 0.275243
0.418425 0.499135
0.613151 0.838279
0.896396 0.486694
0.250734 0.152073
0.622452 0.858671
0.890746 0.157082
0.596731 0.834784
0.810072 0.797626
0.878405 0.401436
0.837883 0.626046
0.206991 0.376418
0.708762 0.028757
0.283115 0.622332
0.103282 0.369867
0.501144 0.323648
0.895488 0.701991
0.621775 0.950711
0.768065 0.685074
0.719250 0.606235
0.135526 0.567766
0.346328 0.678266
0.339118 0.328327
0.441078 0.467026
0.264692 0.890157
0.050406 0.449142
0.895462 0.911232
0.159799 0.584351
0.446912 0.973418
0.236986 0.063711
0.229227 0.781421
0.964832 0.224705
0.884815 0.946834
0.187165 0.620901
0.862571 0.308814
0.171985 0.724141
0.586113 0.456268
0.000557 0.904227
0.158816 0.846076
0.476688 0.316057
0.126673 0.672425
0.915107 0.342441
0.204102 0.574632
0.542272 0.377371
0.086180 0.419294
0.641286 0.125992
0.683532 0.831398
0.855012 0.601047
0.803167 0.725132
0.701182 0.938347
0.923452 0.724751
0.183340 0.940068
0.227624 0.601431
0.026628 0.780797
0.299028 0.354330
0.150860 0.446488
0.423713 0.271827
0.705063 0.678632
0.472886 0.884796
0.378916 0.375903
0.615550 0.663265
0.294229 0.103467
0.332678 0.033805
0.732728 0.443152
0.404333 0.092396
0.829503 0.927161
0.822750 0.117595
0.170201 0.794448
0.379214 0.892381
0.628414 0.247223
0.818603 0.547534
0.202641 0.864781
0.246424 0.903020
0.637059 0.144435
0.870969 0.553852
0.897776 0.948331
0.393668 0.949052
0.939609 0.733541
0.350274 0.338600
0.788953 0.794378
0.405458 0.559538
0.701444 0.826875
0.467173 0.181004
0.973675 0.252699
0.466058 0.035329
0.133625 0.080918
0.784816 0.180062
0.325995 0.295475
0.103324 0.942281
0.206514 0.431153
0.050459 0.675793
0.834746 0.096780
0.645561 0.610710
0.014461 0.585364
0.421413 0.035341
0.659259 0.778671
0.176497 0.920087
0.830152 0.455004
0.405579 0.988760
0.433870 0.439824
0.479276 0.189555
0.497381 0.877228
0.189246 0.006428
0.529068 0.754022
0.644568 0.682480
0.711942 0.479916
0.283980 0.118207
0.741872 0.566716
0.744591 0.287766
0.094028 0.581956
0.453130 0.493217
0.352678 0.611898
0.456869 0.294879
0.837740 0.347725
0.970172 0.402475
0.524401 0.510357
0.572596 0.893409
0.374900 0.968008
0.353286 0.183943
0.565060 0.693366
0.905650 0.876924
0.267615 0.920456
0.189366 0.238330
0.538426 0.133736
0.227307 0.256530
0.317390 0.132984
0.345232 0.202977
0.071520 0.873481
0.151875 0.794286
0.946366 0.351435
0.777155 0.249186
0.531703 0.073598
0.851594 0.751320
0.033693 0.017944
0.714888 0.924358
0.554883 0.828843
0.356806 0.306779
0.673833 0.056167
0.326809 0.883278
0.100235 0.319566
0.394330 0.838565
0.160257 0.233172
0.163834 0.568587
0.152853 0.670626
0.657949 0.414057
0.655561 0.398034
0.585529 0.811758
0.681861 0.968452
0.290077 0.015749
0.189445 0.039731
0.605913 0.730542
0.048225 0.792224
0.395282 0.059785
0.620736 0.165191
0.329325 0.269944
0.432210 0.578019
0.136478 0.581542
0.671204 0.836939
0.634405 0.211815
0.906701 0.405145
0.888637 0.575051
0.016710 0.540404
0.852652 0.222582
0.637005 0.712482
0.333730 0.050785
0.748201 0.624794
0.800387 0.449623
0.276016 0.725840
0.397083 0.388838
0.605934 0.018593
0.690825 0.463999
0.769098 0.334949
0.246600 0.098396
0.409820 0.823191
0.163990 0.205677
0.097546 0.770131
0.984719 0.441392
0.130628 0.245001
0.866364 0.065721
0.060339 0.260019
0.446964 0.675158
0.261485 0.696177
0.555547 0.043001
0.509389 0.999367
0.978551 0.764783
0.234239 0.736906
0.666685 0.622233
0.855453 0.548298
0.905082 0.017759
0.133529 0.456865
0.222965 0.553270
0.071151 0.097494
0.324319 0.628820
0.231433 0.567739
0.212886 0.271836
0.175905 0.775609
0.081863 0.548726
0.732057 0.653247
0.110791 0.357848
0.812058 0.117228
0.415937 0.794779
0.876723 0.353212
0.455368 0.386113
0.062243 0.420736
0.991166 0.808540
0.549670 0.806739
0.455625 0.587205
0.998786 0.733665
0.466716 0.616419
0.129083 0.896750
0.166532 0.222409
0.628330 0.494231
0.461079 0.103640
0.088081 0.907459
0.398570 0.024451
0.466885 0.858291
0.863568 0.505456
0.487883 0.236818
0.121724 0.309361
0.879646 0.279961
0.601304 0.269368
0.913623 0.605382
0.162230 0.920078
0.106895 0.143541
0.639571 0.265010
0.009964 0.852610
0.308223 0.908528
0.458350 0.328645
0.316912 0.959782
0.928595 0.496140
0.491760 0.992205
0.091402 0.382747
0.730520 0.746189
0.487373 0.343927
0.376430 0.758628
0.133034 0.863232
0.594296 0.590262
0.917984 0.055940
0.704677 0.497978
0.670281 0.001890
0.492954 0.531262
0.305873 0.859838
0.006309 0.662005
0.538829 0.445592
0.784126 0.160567
0.154572 0.812342
0.977881 0.285138
0.657305 0.806738
0.820034 0.305139
0.074208 0.617595
0.136161 0.809157
0.977885 0.900426
0.136559 0.043354
0.219268 0.658854
0.322587 0.502479
0.534424 0.459094
0.518680 0.572167
0.384240 0.856078
0.355627 0.858591
0.420061 0.230400
0.723318 0.093562
0.153230 0.905066
0.573733 0.682354
0.078246 0.352072
0.353324 0.115064
0.492438 0.433285
0.232297 0.199393
0.257131 0.093970
0.269591 0.196449
0.417498 0.017978
0.191955 0.265424
0.596612 0.116490
0.153745 0.420944
0.044102 0.477712
0.951130 0.891556
0.911167 0.215062
0.783935 0.008470
0.104548 0.908801
0.772216 0.124303
0.959683 0.339898
0.608298 0.575595
0.985993 0.986563
0.459389 0.376222
0.031795 0.719117
0.825746 0.566930
0.576152 0.304169
0.289527 0.271407
0.709458 0.240387
0.559984 0.326029
0.278170 0.265387
0.502469 0.567901
0.126110 0.048868
0.813172 0.201446
0.718906 0.684992
0.297092 0.226897
0.902526 0.620063
0.205987 0.229544
0.669061 0.661126
0.303377 0.566837
0.653527 0.665701
0.503434 0.031432
0.823928 0.382846
0.031135 0.456642
0.279415 0.336279
0.052184 0.539986
0.529620 0.886439
0.815573 0.324690
0.266163 0.277812
0.754442 0.978925
0.642460 0.852242
0.855239 0.558858
0.253089 0.376631
0.545043 0.044818
0.334692 0.802580
0.284679 0.816923
0.591343 0.393866
0.421985 0.630274
0.039344 0.445958
0.855603 0.923347
0.295944 0.902589
0.095264 0.394988
0.678003 0.153420
0.065262 0.106374
0.985170 0.568954
0.619357 0.915463
0.207402 0.050989
0.671057 0.068315
0.029748 0.841617
0.753925 0.097785
0.208485 0.086949
0.251565 0.615623
0.468386 0.738356
0.195218 0.548258
0.459119 0.971373
0.324202 0.202608
0.567275 0.483129
0.292418 0.405151
0.502758 0.789678
0.093268 0.201485
0.024774 0.681364
0.735351 0.149470
0.309903 0.331821
0.186597 0.687619
0.564631 0.544207
0.933550 0.031417
0.096796 0.469069
0.069776 0.911742
0.599910 0.981303
0.912760 0.500368
0.047345 0.694075
0.623685 0.075724
0.733457 0.590627
0.627892 0.759784
0.247360 0.220996
0.418112 0.108362
0.414292 0.912228
0.308250 0.095809
0.079240 0.559236
0.359132 0.805319
0.046511 0.627885
0.338972 0.006290
0.920627 0.191105
0.595906 0.803434
0.894409 0.259314
0.802910 0.344282
0.142989 0.782330
0.881019 0.830308
0.512200 0.277808
0.103120 0.189750
0.563202 0.728274
0.756581 0.146859
0.121084 0.166360
0.542572 0.924436
0.252576 0.599596
0.989177 0.903988
0.794057 0.084792
0.928222 0.556182
0.418293 0.999462
0.673541 0.549846
0.771955 0.319691
0.689302 0.364838
0.102759 0.748447
0.021157 0.016422
0.338993 0.720457
0.901398 0.473656
0.055742 0.407768
0.335756 0.304103
0.296485 0.971418
0.575293 0.237375
0.911664 0.037761
0.557034 0.674468
0.932526 0.988483
0.172388 0.002981
0.571671 0.567418
0.757666 0.110493
0.735379 0.533138
0.464071 0.594426
0.983212 0.365178
0.887818 0.775767
0.231675 0.650618
0.031860 0.975115
0.719137 0.327901
0.677925 0.101735
0.559869 0.122771
0.250905 0.570175
0.008883 0.468463
0.519479 0.501066
0.064558 0.484831
0.194152 0.958870
0.953934 0.906896
0.820315 0.416961
0.303367 0.126961
0.857049 0.180934
0.099291 0.017634
0.797860 0.256535
0.566247 0.782076
0.692343 0.017722
0.421418 0.881376
0.001480 0.500703
0.754797 0.675507
0.181102 0.996023
0.102007 0.871677
0.908354 0.906082
0.567137 0.408238
0.214494 0.639810
0.968420 0.697213
0.884165 0.926836
0.945260 0.517882
0.178178 0.821974
0.048909 0.129157
0.931925 0.280907
0.944096 0.684338
0.674147 0.376699
0.784557 0.970628
0.978249 0.603268
0.014928 0.256933
0.310051 0.227289
0.929584 0.543996
0.441847 0.640230
0.403663 0.182369
0.612170 0.263514
0.696480 0.526419
0.628979 0.620644
0.720116 0.045182
0.805834 0.394447
0.165014 0.897292
0.892340 0.845070
0.597013 0.417742
0.718481 0.372790
0.240192 0.668806
0.036679 0.385584
0.993082 0.027324
0.272539 0.502337
0.369673 0.221938
0.386383 0.804266
0.052700 0.862862
0.573587 0.430952
0.486191 0.678527
0.639132 0.755559
0.592287 0.740318
0.464080 0.143579
0.318717 0.847849
0.917013 0.527603
0.783406 0.846450
0.457292 0.088960
0.623538 0.697154
0.415731 0.138734
0.650830 0.634358
0.718429 0.801617
0.680867 0.276987
0.654458 0.764780
0.997674 0.418799
0.265910 0.259965
0.340114 0.788581
0.903188 0.999971
0.977210 0.475983
0.477735 0.068609
0.304733 0.923096
0.433905 0.367408
0.500261 0.157612
0.447576 0.914742
0.052508 0.822365
0.662031 0.961039
0.597839 0.878388
0.771260 0.872091
0.080858 0.850041
0.052655 0.886802
0.307297 0.652484
0.874288 0.145382
0.747525 0.667506
0.931689 0.393036
0.444071 0.217390
0.796887 0.870033
0.726231 0.129060
0.094574 0.093669
0.195152 0.442469
0.318537 0.644221
0.741278 0.332797
0.817164 0.252956
0.179064 0.504528
0.807886 0.578898
0.978460 0.888330
0.326172 0.723128
0.060425 0.500383
0.515677 0.517554
0.506286 0.422329
0.654975 0.720879
0.666025 0.493629
0.395437 0.372102
0.314834 0.409903
0.474880 0.028603
0.138782 0.118843
0.511004 0.938911
0.356678 0.942203
0.108812 0.604342
0.988731 0.086877
0.809264 0.615093
0.886883 0.380867
0.868585 0.912902
0.215967 0.014207
0.092013 0.719365
0.308382 0.213074
0.764444 0.348554
0.917995 0.947034
0.332316 0.252610
0.448691 0.740191
0.270679 0.128615
0.126506 0.731121
0.239111 0.111631
0.230791 0.817439
0.196988 0.878282
0.026959 0.237345
0.410120 0.411547
0.089086 0.665838
0.602881 0.969136
0.745809 0.112134
0.175653 0.323499
0.515275 0.167267
0.580673 0.213657
0.155619 0.599246
0.291514 0.484783
0.200759 0.099033
0.306400 0.202702
0.347188 0.660611
0.384381 0.544648
0.140265 0.663147
0.470088 0.438483
0.779341 0.109263
0.694751 0.060601
0.581730 0.374173
0.697901 0.794960
0.877429 0.427953
0.554813 0.426188
0.793675 0.418207
0.930816 0.200151
0.793945 0.390883
0.501841 0.913344
0.405492 0.639676
0.866369 0.889202
0.671622 0.470321
0.842512 0.025456
0.451386 0.418901
0.046928 0.925967
0.963230 0.236607
0.372330 0.659505
0.187917 0.712404
0.789863 0.144471
0.314614 0.766362
0.299607 0.637472
0.726788 0.710525
0.664987 0.344483
0.747392 0.778581
0.305050 0.313981
0.998258 0.785791
0.365648 0.829688
0.030901 0.999539
0.042785 0.461977
0.572857 0.527214
0.255290 0.809671
0.754944 0.708336
0.488565 0.981008
0.944987 0.152519
0.082083 0.445801
0.306060 0.448694
0.272363 0.238821
0.956796 0.840242
0.953286 0.062521
0.011051 0.240953
0.929979 0.460176
0.447748 0.071533
0.502911 0.380775
0.769738 0.970747
0.365561 0.434835
0.870895 0.090617
0.327724 0.491007
0.709152 0.190939
0.562481 0.617681
0.152082 0.952579
0.209944 0.876372
0.904723 0.586465
0.028451 0.650584
0.324331 0.089585
0.677032 0.498199
0.330677 0.186522
0.115152 0.585895
0.364339 0.075328
0.330602 0.594124
0.569581 0.039997
0.103373 0.053193
0.970070 0.094182
0.655904 0.370817
0.558479 0.849392
0.571249 0.385127
0.877190 0.746549
0.067616 0.041245
0.851654 0.586979
0.661009 0.587978
0.670918 0.531718
0.810936 0.514935
0.904952 0.563703
0.650537 0.131966
0.251546 0.690870
0.381261 0.559234
0.620492 0.229646
0.089151 0.981866
0.250711 0.281078
0.251833 0.538198
0.582840 0.483676
0.481453 0.291564
0.488348 0.664511
0.445707 0.430396
0.747576 0.245066
0.378552 0.818756
0.081084 0.836279
0.696701 0.603339
0.704223 0.546724
0.881587 0.134556
0.868822 0.980886
0.369981 0.194443
0.419896 0.659262
0.712397 0.952563
0.984181 0.743690
0.213358 0.617390
0.335598 0.632607
0.515757 0.786918
0.507462 0.822814
0.374786 0.396795
0.132116 0.966226
0.961159 0.014010
0.853020 0.852883
0.574297 0.316956
0.386754 0.764808
0.680434 0.125304
0.760281 0.227134
0.864555 0.078845
0.432604 0.804789
0.509566 0.404993
0.182624 0.672909
0.642394 0.816300
0.264969 0.799167
0.913258 0.703561
0.086890 0.507838
0.776182 0.503250
0.058534 0.667996
0.634651 0.354340
0.135370 0.216727
0.606093 0.443802
0.066439 0.292447
0.487010 0.176221
0.496054 0.621845
0.731976 0.987856
0.402041 0.884561
0.489389 0.469883
0.384859 0.147443
0.815535 0.820402
0.676971 0.255180
0.351855 0.953730
0.951615 0.599929
0.716602 0.896796
0.820248 0.073181
0.979764 0.719745
0.597929 0.483224
0.830738 0.071397
0.464272 0.208430
0.922519 0.436466
0.237317 0.228835
0.271372 0.810064
0.590384 0.443905
0.166128 0.192406
0.155852 0.488406
0.575109 0.819015
0.485612 0.384776
0.631183 0.309439
0.187699 0.765854
0.610777 0.719972
0.594066 0.722799
0.682712 0.909111
0.154181 0.939228
0.941512 0.436477
0.245903 0.071456
0.201058 0.908284
0.192611 0.131140
0.775047 0.713657
0.482631 0.925901
0.226152 0.089469
0.196058 0.993618
0.756182 0.328468
0.541216 0.478347
0.216770 0.793502
0.739809 0.127164
0.684025 0.747283
0.574388 0.262350
0.391731 0.321042
0.076109 0.964393
0.132912 0.596947
0.788255 0.538330
0.453397 0.014230
0.318247 0.273014
0.401915 0.229991
0.192663 0.120572
0.651733 0.312074
0.070278 0.649959
0.848898 0.101330
0.091206 0.252617
0.891849 0.716412
0.865221 0.838249
0.019567 0.331243
0.055083 0.840481
0.968505 0.126333
0.371405 0.273667
0.129122 0.385987
0.793155 0.623740
0.552119 0.236431
0.237229 0.305786
0.223641 0.160937
0.879444 0.800503
0.083407 0.162996
0.026172 0.322413
0.204697 0.527399
0.540351 0.956206
0.047951 0.225662
0.358262 0.735943
0.206738 0.941849
0.656392 0.243348
0.680349 0.931055
0.572839 0.910736
0.637923 0.972121
0.637353 0.800820
0.879359 0.956788
0.310583 0.604425
0.274234 0.073043
0.145238 0.325516
0.552125 0.177655
0.543765 0.878038
0.081050 0.027187
0.314011 0.358196
0.121578 0.152138
0.752317 0.176734
0.596345 0.459358
0.780393 0.767905
0.559935 0.869756
0.221178 0.809546
0.383761 0.650604
0.349497 0.373407
0.287918 0.937160
0.983070 0.914830
0.008120 0.147360
0.288476 0.132653
0.964989 0.424294
0.154364 0.989422
0.909936 0.146125
0.434193 0.407504
0.798848 0.002689
0.053742 1.009224
0.708862 1.001013
0.497487 1.009572
0.000419 1.002928
0.189246 1.006428
0.670281 1.001890
0.783935 1.008470
0.338972 1.006290
0.172388 1.002981
0.798848 1.002689
1.006178 0.637152
1.006011 0.087571
1.000419 0.002928
1.000557 0.904227
1.009964 0.852610
1.006309 0.662005
1.008883 0.468463
1.001480 0.500703
1.008120 0.147360
1.000419 1.002928
