0.805097 0.417961
0.602931 0.523061
0.608298 0.175605
0.518055 0.496826
0.846213 0.572806
0.176046 0.129696
0.657252 0.213118
0.445418 0.745189
0.665510 0.299396
0.772555 0.355395
0.090120 0.727179
0.716518 0.081067
0.736509 0.083746
0.891691 0.888089
0.569339 0.847043
0.126624 0.204711
0.049470 0.692382
0.293286 0.747850
0.534739 0.327923
0.921022 0.828465
0.522990 0.122679
0.092340 0.672961
0.710431 0.980868
0.962349 0.402068
0.186915 0.389354
0.885119 0.595220
0.628196 0.960662
0.239762 0.318027
0.286204 0.918012
0.808547 0.977465
0.173099 0.805188
0.364400 0.561876
0.288411 0.718680
0.328519 0.676989
0.833545 0.042501
0.964167 0.132197
0.136864 0.652430
0.330120 0.977635
0.663341 0.915637
0.144173 0.104044
0.939679 0.734526
0.023260 0.108073
0.107345 0.281817
0.862780 0.109755
0.574089 0.921953
0.978371 0.904401
0.050672 0.412456
0.311648 0.423227
0.914799 0.284658
0.574951 0.806544
0.718628 0.901144
0.055391 0.860098
0.007755 0.717890
0.710901 0.175537
0.869655 0.156562
0.911964 0.233808
0.686059 0.639899
0.157594 0.289686
0.198522 0.931812
0.540734 0.952564
0.217463 0.645033
0.786224 0.400258
0.836795 0.163050
0.203313 0.343980
1.007755 0.717890
