-0.001164 0.214788
-0.009264 0.022532
-0.009040 0.083994
-0.001127 0.467013
-0.003072 0.871917
-0.002072 0.426824
-0.008121 0.933658
0.778080 -0.007704
0.529131 -0.007594
0.182140 -0.001478
0.127142 -0.000856
0.978600 -0.009807
0.611621 -0.000448
0.491385 -0.000843
0.106635 -0.000258
0.236371 -0.007163
0.738774 -0.007896
0.623827 -0.000320
0.471551 -0.000027
0.087876 -0.009697
0.686097 -0.008177
0.560546 0.956474
0.727426 0.923324
0.053315 0.725329
0.082218 0.723739
0.046013 0.585463
0.301187 0.414614
0.958604 0.198470
0.493991 0.089440
0.840810 0.644451
0.007577 0.958096
0.223987 0.229781
0.778080 0.992296
0.546847 0.102572
0.056159 0.226458
0.309543 0.812212
0.855900 0.144305
0.213037 0.026683
0.336916 0.676327
0.955312 0.050019
0.711659 0.231649
0.160009 0.743779
0.971007 0.370248
0.655211 0.681565
0.126673 0.967532
0.242464 0.532757
0.831442 0.682295
0.517143 0.409770
0.145103 0.245447
0.698868 0.418337
0.152318 0.813383
0.096070 0.873282
0.515467 0.163709
0.745842 0.430237
0.157694 0.085008
0.863948 0.777137
0.267016 0.284650
0.606987 0.047323
0.835552 0.968805
0.750099 0.924233
0.107002 0.909173
0.819581 0.643611
0.998836 0.214788
0.990736 0.022532
0.395219 0.563025
0.563885 0.469445
0.443562 0.201572
0.196177 0.852231
0.691139 0.378856
0.190250 0.255625
0.296934 0.895806
0.990960 0.083994
0.347041 0.088489
0.630638 0.251839
0.425897 0.509122
0.278465 0.538284
0.802519 0.122272
0.750470 0.479909
0.998873 0.467013
0.541109 0.088269
0.969897 0.622368
0.449769 0.910040
0.906431 0.126485
0.257116 0.603376
0.173815 0.508511
0.626585 0.414564
0.093889 0.349815
0.529131 0.992406
0.105609 0.630544
0.604035 0.774605
0.468811 0.146116
0.217221 0.871435
0.942321 0.107124
0.503180 0.304810
0.775986 0.727620
0.268043 0.768497
0.841389 0.402734
0.940376 0.015570
0.614082 0.158757
0.381189 0.424770
0.681174 0.386247
0.253976 0.768899
0.182140 0.998522
0.321244 0.120657
0.777145 0.962255
0.392393 0.675611
0.296859 0.229252
0.840676 0.389843
0.622379 0.815036
0.957021 0.495669
0.843765 0.544223
0.601901 0.443624
0.681931 0.672829
0.918900 0.613000
0.232763 0.143404
0.173156 0.752996
0.075456 0.073975
0.254969 0.154131
0.190445 0.647049
0.788235 0.008241
0.983649 0.007854
0.811520 0.108752
0.919952 0.029213
0.607310 0.721582
0.916474 0.697822
0.887139 0.602332
0.976875 0.808546
0.967741 0.440782
0.700025 0.609180
0.393230 0.132993
0.649266 0.557880
0.295924 0.049130
0.707802 0.126990
0.898756 0.055555
0.264020 0.077889
0.931760 0.007330
0.127142 0.999144
0.322914 0.021409
0.182991 0.224222
0.955768 0.131934
0.349740 0.920668
0.395699 0.877898
0.599994 0.523797
0.092441 0.956320
0.537690 0.811033
0.542094 0.699663
0.201633 0.338184
0.023182 0.364416
0.488462 0.176567
0.830928 0.024942
0.667334 0.727743
0.057534 0.607153
0.008835 0.651076
0.441432 0.610481
0.152960 0.145852
0.975867 0.729807
0.020607 0.322209
0.369825 0.203027
0.491666 0.150886
0.844434 0.529840
0.597148 0.313581
0.342638 0.459078
0.066169 0.294783
0.689273 0.146156
0.978600 0.990193
0.146376 0.421966
0.691343 0.602278
0.905658 0.164265
0.345835 0.474934
0.348738 0.577056
0.484255 0.474723
0.558883 0.699392
0.900073 0.282247
0.702969 0.622674
0.286727 0.908545
0.784926 0.936511
0.891749 0.335918
0.619101 0.465530
0.121341 0.936179
0.528669 0.912121
0.238373 0.323023
0.642091 0.390034
0.052766 0.788909
0.667783 0.617170
0.081431 0.266838
0.601494 0.954097
0.234934 0.177794
0.398759 0.425414
0.601451 0.091545
0.952334 0.187562
0.977246 0.140846
0.252859 0.183470
0.411527 0.488473
0.793632 0.575153
0.475707 0.538060
0.040174 0.461548
0.717456 0.597373
0.971044 0.662558
0.151639 0.129695
0.910227 0.919821
0.138694 0.049324
0.257313 0.941199
0.397779 0.383958
0.763093 0.159314
0.848382 0.334966
0.633374 0.031231
0.629981 0.778259
0.440112 0.108657
0.083437 0.624822
0.314114 0.849460
0.080589 0.759613
0.693574 0.703863
0.162100 0.327690
0.752105 0.115662
0.867498 0.552568
0.871504 0.975112
0.618629 0.275383
0.634488 0.204357
0.936055 0.227440
0.151101 0.986461
0.962150 0.860445
0.432242 0.479350
0.814827 0.420264
0.006202 0.084647
0.453230 0.962693
0.293770 0.332965
0.720626 0.143760
0.756308 0.825097
0.673240 0.211668
0.996928 0.871917
0.806598 0.497581
0.528670 0.225910
0.322639 0.215900
0.478137 0.498401
0.833516 0.346034
0.043692 0.804295
0.680996 0.823886
0.839518 0.789196
0.306988 0.363936
0.426262 0.911934
0.763025 0.661571
0.845344 0.062101
0.006700 0.067299
0.079722 0.892788
0.299391 0.116922
0.149209 0.759699
0.407083 0.627789
0.076095 0.708175
0.897093 0.253273
0.898326 0.689731
0.968659 0.408226
0.923152 0.327626
0.053934 0.633029
0.196258 0.025951
0.580641 0.509934
0.636414 0.815610
0.791716 0.417551
0.279136 0.657654
0.522128 0.040861
0.677241 0.272854
0.365029 0.807321
0.950363 0.387503
0.975756 0.099489
0.818431 0.873722
0.778633 0.905755
0.352489 0.869232
0.611621 0.999552
0.277499 0.294403
0.866888 0.332022
0.209272 0.462375
0.591313 0.010521
0.099790 0.722084
0.050392 0.325850
0.296031 0.921328
0.701264 0.100576
0.257012 0.215864
0.326189 0.352184
0.844906 0.108587
0.139179 0.205930
0.045981 0.573156
0.848887 0.317975
0.018219 0.420060
0.244177 0.201349
0.265472 0.632428
0.300695 0.380894
0.600240 0.226737
0.553231 0.323972
0.715794 0.174724
0.800820 0.009753
0.071635 0.353747
0.404974 0.437170
0.187296 0.053631
0.929980 0.602348
0.950669 0.542333
0.967030 0.161851
0.319557 0.195163
0.272576 0.948422
0.015492 0.887162
0.654090 0.954638
0.382762 0.600172
0.203126 0.683679
0.151722 0.330314
0.773901 0.342534
0.063227 0.729304
0.792758 0.797492
0.920373 0.562240
0.136554 0.336179
0.574452 0.216514
0.751942 0.682882
0.521115 0.638823
0.947238 0.025881
0.358958 0.459612
0.258553 0.343806
0.899733 0.857795
0.579518 0.033174
0.272677 0.753969
0.778808 0.684031
0.019813 0.237009
0.025446 0.388437
0.190632 0.422469
0.309642 0.635185
0.171314 0.105098
0.303279 0.316111
0.035754 0.260767
0.333106 0.967157
0.429574 0.728695
0.191518 0.236023
0.586506 0.639007
0.427934 0.641483
0.888875 0.654913
0.380413 0.304030
0.150363 0.904947
0.515689 0.336921
0.049459 0.839670
0.919364 0.940773
0.307883 0.395765
0.154217 0.163446
0.852952 0.769747
0.491385 0.999157
0.407588 0.734951
0.896534 0.496156
0.575786 0.736351
0.448586 0.292890
0.887216 0.641993
0.525442 0.188134
0.255373 0.549686
0.327011 0.161806
0.911789 0.836503
0.673006 0.460212
0.053569 0.046812
0.645874 0.191033
0.779191 0.225398
0.458585 0.260436
0.766020 0.834907
0.932164 0.201369
0.768569 0.629277
0.247940 0.387768
0.256167 0.896660
0.105838 0.661077
0.484471 0.107237
0.660863 0.068623
0.718599 0.549240
0.984246 0.059639
0.466955 0.043424
0.106433 0.580652
0.056258 0.890725
0.274655 0.472942
0.203060 0.491827
0.664224 0.116878
0.220608 0.438810
0.690675 0.453463
0.932520 0.772935
0.010208 0.926492
0.103036 0.409148
0.944619 0.671218
0.077512 0.457431
0.399898 0.894198
0.540699 0.257075
0.499716 0.229488
0.166902 0.317505
0.603471 0.471786
0.775889 0.821134
0.122041 0.757274
0.022025 0.461853
0.248502 0.722145
0.667713 0.676213
0.121318 0.449668
0.902531 0.016662
0.911600 0.308635
0.244300 0.346136
0.445861 0.126330
0.523167 0.844230
0.671424 0.928287
0.446629 0.188428
0.408936 0.109710
0.137119 0.113188
0.796159 0.921988
0.439971 0.353433
0.566860 0.186744
0.406038 0.371245
0.098761 0.929088
0.752822 0.090184
0.345141 0.264268
0.920759 0.164688
0.838922 0.766712
0.538311 0.144091
0.601295 0.900762
0.232208 0.602938
0.692607 0.032293
0.323163 0.595879
0.556521 0.259600
0.883462 0.460793
0.935752 0.632523
0.713815 0.035494
0.965258 0.418321
0.046244 0.619538
0.463113 0.226426
0.954607 0.605101
0.825419 0.150346
0.594477 0.756067
0.123246 0.988025
0.068551 0.198986
0.228648 0.317257
0.509201 0.385840
0.952749 0.332116
0.664658 0.806118
0.057771 0.371015
0.627968 0.833227
0.383578 0.510700
0.274575 0.393865
0.794238 0.100268
0.154818 0.053040
0.441637 0.985401
0.098590 0.817388
0.628399 0.489915
0.462918 0.538645
0.364224 0.683014
0.934344 0.490558
0.578221 0.293881
0.649950 0.894183
0.634980 0.061386
0.411624 0.934336
0.035486 0.779275
0.695677 0.000224
0.487452 0.245264
0.600356 0.636851
0.688679 0.363873
0.646244 0.584491
0.007359 0.104367
0.844263 0.150720
0.113663 0.519620
0.416498 0.688089
0.711661 0.963358
0.406990 0.529846
0.707692 0.887821
0.997928 0.426824
0.336981 0.179088
0.377805 0.714502
0.621314 0.299805
0.684011 0.259732
0.043750 0.220709
0.613647 0.258728
0.319828 0.367476
0.415097 0.962405
0.414842 0.541967
0.734387 0.979073
0.768777 0.938619
0.830955 0.235567
0.550486 0.620743
0.961610 0.955933
0.202597 0.292543
0.290436 0.038981
0.639736 0.355139
0.559469 0.211493
0.961561 0.565008
0.639574 0.007157
0.496863 0.318506
0.013469 0.531986
0.430337 0.681936
0.980707 0.337225
0.383124 0.746646
0.718821 0.984108
0.436302 0.554472
0.902354 0.116443
0.077087 0.842634
0.322958 0.466116
0.712689 0.452791
0.045807 0.501218
0.244031 0.362475
0.860384 0.924489
0.929649 0.276271
0.637373 0.571246
0.000786 0.298570
0.879559 0.439419
0.229289 0.731568
0.164205 0.565655
0.655372 0.040961
0.165846 0.147432
0.713365 0.861988
0.516798 0.355013
0.196823 0.320337
0.784707 0.061290
0.770446 0.237708
0.694928 0.327655
0.927080 0.507350
0.245879 0.102020
0.521304 0.443606
0.698452 0.958045
0.618924 0.040730
0.779311 0.597367
0.468844 0.236836
0.477898 0.752715
0.345712 0.905169
0.653525 0.526171
0.582550 0.594219
0.640665 0.129226
0.281599 0.850716
0.776266 0.530813
0.358724 0.904914
0.063797 0.771967
0.247129 0.860338
0.336398 0.918752
0.370570 0.920388
0.312975 0.240784
0.145785 0.375642
0.480745 0.052137
0.882047 0.373132
0.429522 0.206545
0.709746 0.535025
0.776877 0.144508
0.265593 0.517228
0.109111 0.118039
0.037608 0.398188
0.984325 0.246380
0.267659 0.565879
0.944238 0.434962
0.052289 0.402660
0.863054 0.050192
0.049031 0.308576
0.441994 0.418568
0.796339 0.559835
0.073966 0.398401
0.315619 0.252222
0.131501 0.551004
0.316515 0.303889
0.658682 0.408438
0.094960 0.242402
0.706991 0.808296
0.727004 0.042198
0.106635 0.999742
0.831658 0.858027
0.236371 0.992837
0.385990 0.654279
0.861111 0.412065
0.563301 0.511723
0.262728 0.826463
0.449370 0.388389
0.788208 0.358420
0.065412 0.241552
0.559615 0.098697
0.563233 0.133428
0.748840 0.615360
0.742871 0.165281
0.185049 0.933480
0.266689 0.870838
0.620443 0.070917
0.842939 0.731347
0.575666 0.012257
0.801911 0.958022
0.738774 0.992104
0.194893 0.186318
0.450693 0.029169
0.322863 0.326985
0.571544 0.407732
0.666956 0.428835
0.944428 0.486794
0.299760 0.730207
0.748131 0.963074
0.061848 0.831070
0.609417 0.374604
0.828054 0.283813
0.092779 0.587566
0.750556 0.249357
0.973106 0.927109
0.796668 0.202986
0.546777 0.227400
0.683580 0.862332
0.503939 0.479833
0.105424 0.834415
0.676917 0.075345
0.209523 0.729834
0.171447 0.299794
0.878968 0.785542
0.491414 0.072386
0.474553 0.611895
0.493205 0.826244
0.008171 0.827534
0.314900 0.785546
0.642513 0.649683
0.135569 0.902015
0.820181 0.238079
0.146404 0.797801
0.905025 0.673968
0.247412 0.038956
0.366396 0.657880
0.732769 0.080876
0.167077 0.859321
0.899520 0.892586
0.270904 0.613101
0.815827 0.750941
0.216843 0.481237
0.355166 0.970316
0.467713 0.699254
0.089868 0.031368
0.519022 0.882047
0.105482 0.760346
0.845942 0.089755
0.847441 0.484674
0.700075 0.505960
0.293790 0.628325
0.635451 0.768463
0.639726 0.695237
0.163123 0.963779
0.661781 0.235516
0.213519 0.979790
0.732253 0.471757
0.653162 0.223368
0.959164 0.256856
0.584664 0.776096
0.279547 0.247772
0.655586 0.282134
0.395725 0.606569
0.088420 0.372117
0.356089 0.401892
0.360860 0.121108
0.426507 0.166732
0.258439 0.525496
0.734890 0.103627
0.745557 0.592624
0.129113 0.801128
0.666783 0.053864
0.798107 0.621523
0.421490 0.143159
0.109756 0.750630
0.214510 0.691042
0.540147 0.463328
0.613377 0.189511
0.778633 0.312764
0.075959 0.611002
0.258461 0.711896
0.938614 0.724694
0.542110 0.898957
0.741328 0.486692
0.578137 0.896811
0.044710 0.127641
0.108806 0.475015
0.623827 0.999680
0.866165 0.061829
0.006013 0.748460
0.709497 0.310462
0.972411 0.596590
0.448623 0.805859
0.429598 0.218553
0.355182 0.595623
0.631222 0.228226
0.018411 0.671026
0.568729 0.081950
0.955856 0.821289
0.056694 0.958929
0.690570 0.235262
0.512067 0.950884
0.970568 0.772060
0.049846 0.520956
0.829056 0.651921
0.206968 0.804523
0.177932 0.381374
0.263951 0.019667
0.583354 0.232406
0.162098 0.531949
0.610186 0.543449
0.070050 0.097116
0.793298 0.294641
0.183967 0.784071
0.522979 0.768699
0.423602 0.803905
0.364477 0.419900
0.968136 0.750795
0.593196 0.978178
0.554487 0.755556
0.269541 0.850364
0.609850 0.498119
0.872607 0.092992
0.077202 0.128766
0.546711 0.798601
0.564513 0.902077
0.843568 0.833722
0.697071 0.201221
0.630236 0.018942
0.712568 0.371874
0.205801 0.071982
0.901273 0.824824
0.436847 0.096482
0.194428 0.617281
0.323093 0.873312
0.757050 0.752059
0.540619 0.539114
0.078321 0.345273
0.693639 0.274690
0.143385 0.616098
0.689295 0.311157
0.914853 0.779510
0.537806 0.402242
0.805398 0.168804
0.742506 0.285577
0.244069 0.262482
0.848973 0.511741
0.106667 0.597546
0.561055 0.008566
0.517907 0.265400
0.897129 0.199225
0.429994 0.985953
0.098248 0.770165
0.970088 0.116974
0.692504 0.628838
0.331220 0.637100
0.928071 0.709540
0.475194 0.411152
0.764715 0.302781
0.679662 0.323180
0.385046 0.524811
0.152919 0.517635
0.437963 0.746731
0.969402 0.500143
0.212697 0.509047
0.047927 0.743396
0.248332 0.439926
0.812817 0.839036
0.970591 0.547061
0.500773 0.246700
0.434995 0.012028
0.538659 0.684917
0.669237 0.194843
0.666451 0.542481
0.392035 0.914552
0.273261 0.084796
0.160988 0.033020
0.062167 0.117271
0.367694 0.771118
0.800498 0.403401
0.384311 0.238203
0.330135 0.511144
0.934347 0.350725
0.956506 0.363871
0.755836 0.792943
0.077796 0.928766
0.069615 0.646938
0.176630 0.175441
0.819915 0.775007
0.461763 0.918841
0.761700 0.546909
0.212815 0.557397
0.117336 0.952256
0.762017 0.428051
0.801325 0.722623
0.033266 0.645090
0.991879 0.933658
0.751605 0.712284
0.757321 0.235562
0.483527 0.258570
0.204539 0.793551
0.709411 0.075897
0.870766 0.417148
0.906804 0.519547
0.607442 0.709944
0.391261 0.292741
0.988986 0.894988
0.116598 0.892288
0.634006 0.947882
0.432304 0.432264
0.889054 0.884531
0.340040 0.494403
0.148674 0.037345
0.890044 0.087180
0.187232 0.667404
0.310348 0.859730
0.726768 0.055186
0.737521 0.694332
0.137581 0.094096
0.337750 0.351589
0.502063 0.674529
0.018171 0.739786
0.721581 0.247062
0.134668 0.149802
0.933181 0.158324
0.117949 0.365410
0.831877 0.955176
0.834361 0.083920
0.610571 0.202161
0.588462 0.925002
0.739810 0.066067
0.143712 0.866466
0.322432 0.762882
0.880593 0.505242
0.470765 0.684877
0.294903 0.654927
0.906394 0.802882
0.718142 0.693982
0.377995 0.615442
0.073736 0.209279
0.312977 0.878982
0.203070 0.256051
0.831790 0.440929
0.949266 0.590213
0.544846 0.671496
0.339897 0.983761
0.794270 0.948422
0.499905 0.110857
0.560560 0.640131
0.654090 0.798553
0.819457 0.176770
0.569940 0.105720
0.809203 0.318419
0.843570 0.680419
0.973195 0.979675
0.649691 0.154435
0.813731 0.441409
0.091905 0.176452
0.209474 0.530639
0.256365 0.977423
0.716474 0.739285
0.416218 0.517050
0.432205 0.179222
0.558676 0.292137
0.690693 0.477308
0.115267 0.640061
0.471551 0.999973
0.344404 0.229998
0.071139 0.029991
0.163384 0.222154
0.374133 0.890356
0.615837 0.399480
0.731205 0.713070
0.685554 0.210235
0.904612 0.264894
0.076953 0.303713
0.667048 0.630855
0.921145 0.815918
0.258938 0.394558
0.521873 0.393153
0.987602 0.657627
0.577357 0.762984
0.798813 0.908953
0.309023 0.166931
0.855348 0.277944
0.100304 0.010230
0.609626 0.177484
0.068565 0.949991
0.679658 0.729956
0.568520 0.494934
0.386490 0.074330
0.184438 0.519043
0.815310 0.478388
0.352871 0.791267
0.623584 0.353127
0.087876 0.990303
0.084144 0.802314
0.875612 0.867263
0.456070 0.043219
0.491871 0.930478
0.877779 0.036784
0.960982 0.510113
0.912840 0.573760
0.722517 0.903614
0.785641 0.585460
0.790982 0.748291
0.314241 0.502156
0.741687 0.534395
0.698047 0.676902
0.539003 0.611997
0.059019 0.342562
0.528636 0.335153
0.146795 0.452760
0.293995 0.009499
0.938075 0.095401
0.612092 0.976381
0.392175 0.248184
0.135324 0.827335
0.127698 0.103663
0.225430 0.547439
0.370581 0.786105
0.336926 0.062946
0.349885 0.704815
0.647416 0.143379
0.022702 0.188665
0.502041 0.206695
0.016772 0.482343
0.118470 0.167884
0.161533 0.353056
0.449885 0.842298
0.912601 0.762685
0.022688 0.926609
0.884637 0.767812
0.177607 0.459445
0.493300 0.687889
0.034159 0.091200
0.613407 0.430796
0.308096 0.450070
0.145859 0.944193
0.588515 0.654054
0.165885 0.650854
0.969005 0.846885
0.531820 0.530323
0.925929 0.898878
0.351046 0.852815
0.747293 0.226698
0.844157 0.227816
0.753805 0.403217
0.342282 0.148063
0.253332 0.810768
0.272615 0.167725
0.980698 0.679247
0.061379 0.475410
0.069974 0.386653
0.624722 0.899412
0.686097 0.991823
0.118339 0.093823
0.578839 0.471381
0.893838 0.156154
0.077262 0.329920
0.208306 0.211720
0.040034 0.982874
0.215061 0.399122
0.061617 0.446851
0.740098 0.144907
0.511724 0.810267
0.260374 0.176080
0.300926 0.100466
0.347402 0.541600
0.088905 0.639438
0.514196 0.010454
0.576433 0.808118
0.037847 0.320446
0.414793 0.860380
0.379823 0.672679
0.602012 0.681396
0.700878 0.383916
0.324128 0.736281
0.895979 0.742256
0.525595 0.961031
0.247756 0.565001
0.601488 0.302904
0.597101 0.577388
0.816701 0.217024
0.172464 0.663621
0.311627 0.719439
0.137735 0.498590
0.360799 0.159451
0.344426 0.046096
0.383637 0.276853
0.476582 0.944961
0.336548 0.404106
0.383427 0.338826
0.582720 0.498243
0.924384 0.761507
0.134160 0.880110
0.237371 0.826854
0.431611 0.412389
0.887584 0.309986
0.509954 0.318561
0.285824 0.094796
0.444452 0.722731
0.388083 0.791065
0.084276 0.569476
0.926445 0.144706
0.617830 0.364875
0.816825 0.568450
0.788235 1.008241
0.983649 1.007854
0.931760 1.007330
0.800820 1.009753
0.695677 1.000224
0.639574 1.007157
0.561055 1.008566
0.293995 1.009499
1.007577 0.958096
1.008835 0.651076
1.006202 0.084647
1.006700 0.067299
1.007359 0.104367
1.000786 0.298570
1.008171 0.827534
1.006013 0.748460
