-0.001011 0.170494
-0.006472 0.762569
-0.000434 0.378219
-0.007647 0.717851
-0.006396 0.728354
-0.000161 0.257466
-0.007385 0.326500
-0.002347 0.623809
0.652528 -0.006292
0.879609 -0.007324
0.015543 -0.007658
0.075307 -0.003808
0.685411 -0.000875
0.708592 -0.009604
0.400146 -0.009229
0.298121 -0.003440
0.152736 -0.008786
0.928172 -0.002282
0.895827 0.185833
0.093502 0.056556
0.047637 0.682720
0.475505 0.927014
0.411363 0.870006
0.710000 0.942367
0.480171 0.434611
0.512073 0.524490
0.469051 0.958543
0.856098 0.305534
0.720322 0.854618
0.307691 0.156803
0.077107 0.748091
0.534213 0.453919
0.792427 0.218777
0.306510 0.731537
0.459926 0.405043
0.251685 0.581145
0.808327 0.050434
0.148746 0.491410
0.891695 0.313020
0.282826 0.064712
0.060515 0.579087
0.836963 0.347393
0.348429 0.041527
0.391318 0.866307
0.025259 0.171378
0.830928 0.012831
0.466690 0.831624
0.900266 0.507053
0.838730 0.567657
0.773961 0.312721
0.107592 0.694582
0.741751 0.396931
0.346586 0.054359
0.374866 0.366856
0.284173 0.914389
0.660146 0.425534
0.625100 0.600122
0.980508 0.764331
0.718900 0.880662
0.010650 0.571535
0.971603 0.533630
0.062717 0.564695
0.228127 0.440578
0.098906 0.127116
0.801629 0.254883
0.499928 0.522996
0.019605 0.877014
0.460103 0.979939
0.569475 0.874304
0.241524 0.117559
0.151405 0.059494
0.200206 0.868242
0.770874 0.931871
0.080753 0.069891
0.977305 0.521702
0.787699 0.309754
0.118516 0.485428
0.415278 0.915841
0.159458 0.203608
0.150090 0.957696
0.748681 0.206452
0.665701 0.219563
0.449300 0.940374
0.581940 0.147727
0.629531 0.184303
0.082893 0.213928
0.526436 0.666704
0.458999 0.215459
0.220276 0.890088
0.301553 0.250061
0.896617 0.119728
0.665199 0.327472
0.326094 0.825488
0.550212 0.644778
0.845129 0.594999
0.330987 0.211409
0.625688 0.263062
0.975649 0.161356
0.794542 0.924433
0.466308 0.613565
0.410489 0.969225
0.653200 0.771410
0.415175 0.149071
0.494319 0.848694
0.677786 0.445928
0.497077 0.156128
0.697865 0.204692
0.677375 0.124508
0.595472 0.772918
0.579581 0.683934
0.427303 0.276806
0.978040 0.964917
0.728054 0.724777
0.644965 0.085850
0.527904 0.851543
0.209986 0.826740
0.206410 0.475496
0.299929 0.344970
0.927950 0.030121
0.720036 0.376216
0.588028 0.329947
0.864927 0.854955
0.548099 0.043414
0.533580 0.825268
0.566275 0.219237
0.323338 0.065043
0.373823 0.258527
0.260603 0.472485
0.816481 0.068448
0.297635 0.787571
0.456372 0.910177
0.550671 0.429218
0.399054 0.063297
0.716192 0.719924
0.741173 0.689373
0.260416 0.009870
0.350101 0.896161
0.743236 0.293986
0.184343 0.162956
0.075790 0.436979
0.271620 0.237105
0.146549 0.470825
0.728588 0.391400
0.156016 0.141592
0.904516 0.352418
0.159462 0.871877
0.803712 0.734155
0.492171 0.401842
0.862601 0.180836
0.925568 0.822036
0.686578 0.469161
0.887939 0.982359
0.032336 0.824773
0.659318 0.448279
0.573720 0.797916
0.632758 0.789704
0.059559 0.389406
0.420234 0.664072
0.634471 0.885303
0.611508 0.615349
0.877162 0.766863
0.750091 0.115622
0.204090 0.116260
0.841460 0.381574
0.454046 0.073887
0.025165 0.961115
0.158395 0.933642
0.236765 0.075554
0.672556 0.084327
0.062168 0.695169
0.002059 0.156857
0.274550 0.315229
0.714036 0.571787
0.515193 0.577330
0.544735 0.092064
0.272324 0.590728
0.376707 0.165515
0.306225 0.269974
0.307210 0.584022
0.538519 0.790671
0.372719 0.752009
0.652579 0.551939
0.850920 0.425249
0.574401 0.768254
0.539514 0.984270
0.105585 0.301005
0.379854 0.472716
0.222569 0.320742
0.226851 0.021758
0.015473 0.783850
0.018647 0.902727
0.196605 0.609035
0.522871 0.706730
0.353196 0.758894
0.505576 0.765774
0.362532 0.925018
0.901099 0.551715
0.521025 0.179025
0.608923 0.727960
0.875942 0.473322
0.752214 0.181048
0.021336 0.129271
0.860052 0.796709
0.675568 0.399895
0.935527 0.476235
0.402236 0.190023
0.337066 0.440981
0.137984 0.980339
0.439650 0.803842
0.817665 0.231528
0.641258 0.257810
0.124107 0.407058
0.067692 0.109760
0.529556 0.211502
0.744641 0.982235
0.951382 0.471608
0.987536 0.852921
0.309077 0.951736
0.113649 0.117274
0.000695 0.303156
0.369181 0.120341
0.711912 0.957514
0.322288 0.788984
0.671486 0.109614
0.000493 0.101944
0.370384 0.914689
0.998989 0.170494
0.172617 0.103070
0.606148 0.411890
0.255783 0.201685
0.187689 0.883772
0.631414 0.622426
0.658269 0.177084
0.625849 0.876456
0.178203 0.645574
0.884122 0.250516
0.586221 0.486873
0.839086 0.051676
0.739473 0.554516
0.429472 0.779723
0.396667 0.357229
0.659472 0.394172
0.178478 0.054295
0.247121 0.901813
0.982443 0.484109
0.144750 0.511667
0.993528 0.762569
0.966024 0.929881
0.236491 0.097522
0.409774 0.131173
0.754567 0.348103
0.449784 0.199335
0.736518 0.203367
0.768160 0.241280
0.613733 0.345772
0.722632 0.117223
0.180788 0.193864
0.360548 0.404394
0.225780 0.669057
0.957213 0.431665
0.803814 0.798189
0.329019 0.762342
0.756759 0.961277
0.569892 0.608506
0.365092 0.343548
0.599988 0.525629
0.484967 0.655650
0.038252 0.189923
0.928745 0.582980
0.015410 0.293675
0.045260 0.794732
0.711366 0.536361
0.586795 0.210947
0.413915 0.515821
0.838335 0.659911
0.481176 0.852765
0.481528 0.272296
0.731196 0.969469
0.375623 0.238600
0.242705 0.018939
0.982653 0.802620
0.563485 0.388829
0.652528 0.993708
0.713766 0.102367
0.447289 0.692795
0.332956 0.921749
0.632491 0.932185
0.425920 0.300490
0.889029 0.017374
0.714469 0.306467
0.828096 0.807892
0.909255 0.642813
0.628686 0.118471
0.918972 0.623981
0.257585 0.951304
0.046206 0.020927
0.088050 0.517843
0.878664 0.402179
0.561323 0.598156
0.075051 0.391490
0.354985 0.244789
0.267205 0.266392
0.936081 0.186177
0.507435 0.147594
0.920700 0.929461
0.136751 0.871569
0.012355 0.722036
0.878585 0.387447
0.779662 0.358563
0.184135 0.010180
0.085915 0.329467
0.300830 0.506571
0.386605 0.937296
0.159541 0.779710
0.177462 0.805293
0.562384 0.470075
0.359612 0.371774
0.972038 0.660565
0.505287 0.198021
0.104384 0.888413
0.362960 0.453714
0.064794 0.850762
0.059770 0.615966
0.563943 0.668270
0.335443 0.037794
0.285785 0.931249
0.799852 0.331075
0.737420 0.567440
0.016064 0.425515
0.029378 0.784177
0.980815 0.689944
0.779685 0.597979
0.284609 0.746255
0.693874 0.442523
0.540292 0.196360
0.749183 0.715660
0.704497 0.736287
0.656687 0.891096
0.491080 0.341777
0.962709 0.124944
0.208612 0.154970
0.490603 0.598418
0.365020 0.688559
0.856907 0.900638
0.951496 0.900047
0.006537 0.041932
0.870892 0.444401
0.442541 0.330599
0.939673 0.712841
0.938907 0.530956
0.021803 0.820391
0.287496 0.867380
0.860211 0.550632
0.457238 0.850024
0.050938 0.134958
0.578133 0.904369
0.771166 0.704143
0.422411 0.957857
0.755589 0.366003
0.550614 0.221429
0.255945 0.735253
0.315545 0.422405
0.446459 0.033935
0.728014 0.621376
0.125795 0.215456
0.308377 0.030952
0.201455 0.067430
0.000152 0.636429
0.802754 0.394338
0.262736 0.283828
0.713644 0.194145
0.580080 0.247472
0.935907 0.564557
0.879609 0.992676
0.124994 0.064156
0.386665 0.558246
0.824812 0.183582
0.393108 0.912782
0.285597 0.622774
0.181772 0.927146
0.713974 0.832368
0.496483 0.963217
0.843314 0.113898
0.936179 0.688364
0.307112 0.860655
0.948458 0.681841
0.563195 0.149974
0.986210 0.815024
0.912220 0.683966
0.276210 0.615239
0.294852 0.518275
0.738924 0.744021
0.403459 0.160928
0.022401 0.105879
0.931999 0.615549
0.633284 0.006687
0.214866 0.081003
0.161465 0.091804
0.134133 0.071796
0.268847 0.040067
0.744080 0.944833
0.221361 0.600565
0.436093 0.173561
0.194894 0.189121
0.929892 0.490544
0.796324 0.184799
0.227785 0.849808
0.494287 0.985739
0.172227 0.950103
0.382335 0.447633
0.359891 0.144467
0.832973 0.406296
0.421451 0.533254
0.430317 0.002421
0.664659 0.256788
0.591923 0.357850
0.548054 0.780689
0.558880 0.301692
0.460615 0.920918
0.886181 0.879474
0.970343 0.752305
0.015543 0.992342
0.455763 0.520498
0.088893 0.785105
0.717694 0.545402
0.611294 0.082342
0.377002 0.404970
0.687378 0.405015
0.554467 0.618265
0.417462 0.844879
0.551510 0.813150
0.217365 0.115356
0.085872 0.154633
0.802180 0.964472
0.196792 0.778050
0.549710 0.031173
0.876555 0.950212
0.619808 0.230256
0.700548 0.980993
0.163515 0.630785
0.641791 0.636527
0.987215 0.386914
0.261725 0.457809
0.114374 0.358105
0.730674 0.645078
0.839366 0.520610
0.381409 0.619245
0.604760 0.535555
0.121742 0.366922
0.810780 0.897704
0.346714 0.015903
0.028783 0.849642
0.939559 0.762706
0.965803 0.492718
0.973129 0.903730
0.025045 0.574323
0.729376 0.151670
0.049482 0.534939
0.039868 0.499980
0.654049 0.048973
0.858313 0.039508
0.640555 0.506435
0.131960 0.822207
0.735343 0.893488
0.159685 0.422292
0.381772 0.984771
0.845020 0.461285
0.679125 0.797155
0.235575 0.752230
0.882963 0.503402
0.553593 0.719519
0.120224 0.632978
0.015211 0.940266
0.999566 0.378219
0.895206 0.590050
0.835056 0.482346
0.059441 0.460336
0.318711 0.910160
0.897861 0.651168
0.246053 0.234025
0.548435 0.392823
0.754795 0.392573
0.265421 0.346891
0.934263 0.373853
0.482526 0.238215
0.295207 0.531986
0.507584 0.499121
0.911498 0.730343
0.899712 0.804925
0.447934 0.235006
0.067124 0.284199
0.431738 0.455124
0.979352 0.926906
0.597574 0.583680
0.113072 0.399200
0.942879 0.214325
0.170452 0.346885
0.620189 0.435735
0.415828 0.285196
0.104263 0.083478
0.013394 0.918762
0.367573 0.422025
0.575710 0.186023
0.022226 0.658001
0.196520 0.693574
0.747417 0.543334
0.525856 0.406714
0.556972 0.730631
0.075819 0.471680
0.428022 0.945084
0.404529 0.242497
0.872619 0.493988
0.423574 0.552366
0.248569 0.257159
0.209735 0.580623
0.835151 0.852660
0.643897 0.985008
0.785478 0.348798
0.780515 0.046397
0.352833 0.356998
0.415754 0.406485
0.782691 0.433204
0.576278 0.650468
0.033011 0.404012
0.958944 0.595520
0.933078 0.937041
0.746519 0.103035
0.048411 0.185691
0.472840 0.009636
0.858180 0.473490
0.149935 0.245455
0.056791 0.205245
0.465489 0.460975
0.351056 0.441003
0.329407 0.572097
0.992353 0.717851
0.360996 0.572729
0.424275 0.743127
0.360080 0.626489
0.852870 0.120025
0.977501 0.252005
0.284620 0.838286
0.802101 0.369961
0.362811 0.271741
0.501685 0.113288
0.461315 0.718631
0.960603 0.528900
0.935417 0.989587
0.465716 0.363796
0.090336 0.844204
0.413706 0.757358
0.266590 0.135277
0.077701 0.846593
0.337043 0.673994
0.104433 0.587366
0.114803 0.249345
0.414173 0.715467
0.869671 0.815428
0.232449 0.346335
0.960612 0.301313
0.154196 0.744436
0.282895 0.328839
0.001332 0.563914
0.444134 0.161363
0.703462 0.544031
0.254620 0.393111
0.052743 0.602293
0.039971 0.862410
0.343110 0.112233
0.593427 0.630077
0.781380 0.736514
0.791597 0.648711
0.911908 0.606076
0.736446 0.713252
0.689987 0.919870
0.969546 0.328926
0.094816 0.806533
0.682735 0.173247
0.481010 0.939338
0.138072 0.659654
0.194039 0.626484
0.851604 0.707325
0.428546 0.620197
0.993604 0.728354
0.505823 0.048929
0.108219 0.858296
0.915944 0.671660
0.016436 0.591907
0.568236 0.012271
0.025435 0.978580
0.132194 0.550577
0.863438 0.682541
0.034969 0.440198
0.439827 0.766112
0.999839 0.257466
0.885814 0.049722
0.331656 0.729554
0.498702 0.546660
0.224639 0.122981
0.485212 0.874042
0.641425 0.448237
0.137144 0.141159
0.428893 0.756039
0.558591 0.756654
0.975920 0.041874
0.351003 0.476648
0.888469 0.069153
0.092747 0.205804
0.615199 0.273432
0.747785 0.305726
0.765444 0.252886
0.942448 0.444583
0.357995 0.169801
0.499074 0.452166
0.066216 0.887882
0.907784 0.782654
0.471944 0.796142
0.875647 0.672252
0.070383 0.124472
0.589147 0.472136
0.033788 0.180074
0.506336 0.218439
0.952051 0.362260
0.790665 0.441023
0.624034 0.955508
0.723155 0.561078
0.972981 0.300873
0.497020 0.283954
0.075307 0.996192
0.599598 0.788968
0.861269 0.827068
0.936924 0.035853
0.139711 0.725442
0.872094 0.374103
0.025647 0.043505
0.933449 0.401652
0.784921 0.242629
0.608543 0.893184
0.024797 0.911264
0.147997 0.089943
0.715694 0.175014
0.159722 0.478932
0.948732 0.741070
0.672333 0.070345
0.306105 0.936833
0.588587 0.162586
0.176045 0.747564
0.945286 0.657980
0.543832 0.597653
0.234603 0.819768
0.788496 0.589060
0.436260 0.549739
0.364964 0.966174
0.440182 0.630500
0.314025 0.921815
0.223325 0.374486
0.605170 0.835864
0.139885 0.116534
0.981217 0.541692
0.086510 0.256096
0.209775 0.314610
0.903752 0.520696
0.409520 0.901611
0.484497 0.469674
0.167828 0.082858
0.633161 0.310979
0.001446 0.797611
0.368047 0.015138
0.714978 0.218579
0.688717 0.246007
0.889239 0.710436
0.246475 0.451389
0.258290 0.631103
0.193482 0.307074
0.692955 0.630360
0.249824 0.043422
0.531451 0.176201
0.521902 0.871282
0.854540 0.157460
0.259419 0.670580
0.225957 0.825967
0.324096 0.488387
0.763724 0.737676
0.734317 0.339505
0.302768 0.127142
0.910006 0.382148
0.701392 0.672342
0.127674 0.200969
0.902827 0.891836
0.517945 0.909434
0.118625 0.946149
0.927045 0.094805
0.415257 0.322862
0.846254 0.947950
0.729221 0.683850
0.760071 0.091910
0.967654 0.608966
0.988058 0.241315
0.223421 0.401998
0.780906 0.839212
0.977393 0.185524
0.604456 0.383435
0.665435 0.014714
0.813124 0.349856
0.507417 0.666168
0.429465 0.849499
0.654233 0.504258
0.099208 0.047647
0.869336 0.651867
0.610459 0.421946
0.093172 0.685325
0.142671 0.528712
0.003573 0.425058
0.503102 0.600057
0.200174 0.137401
0.695501 0.554233
0.295414 0.042632
0.009788 0.640956
0.788685 0.526503
0.190797 0.744489
0.212856 0.100122
0.896385 0.822337
0.882784 0.088124
0.700188 0.170224
0.833044 0.728057
0.775893 0.763495
0.506172 0.255617
0.971603 0.581124
0.188628 0.519760
0.640854 0.340731
0.648330 0.355438
0.850430 0.542805
0.121338 0.040606
0.887943 0.753187
0.802079 0.441406
0.075173 0.154230
0.247244 0.079226
0.616663 0.528450
0.191220 0.759751
0.614998 0.152064
0.454637 0.682098
0.509787 0.627348
0.800001 0.417769
0.054834 0.519144
0.134532 0.366974
0.696621 0.129584
0.815616 0.866939
0.138823 0.222954
0.583010 0.671106
0.723196 0.504439
0.644630 0.036369
0.308178 0.749052
0.852037 0.099355
0.597778 0.720602
0.568714 0.235110
0.910636 0.950620
0.798795 0.199689
0.106841 0.618575
0.115364 0.818697
0.368140 0.174540
0.774780 0.330031
0.315780 0.724587
0.584955 0.777756
0.359576 0.184733
0.573689 0.483095
0.567100 0.352067
0.312030 0.009398
0.668127 0.885688
0.421318 0.858580
0.947992 0.376107
0.203293 0.179169
0.566827 0.260936
0.002308 0.287255
0.821270 0.895115
0.732843 0.084617
0.633349 0.805086
0.260043 0.784532
0.169205 0.274258
0.056125 0.223512
0.045281 0.750992
0.322915 0.025145
0.732823 0.472787
0.141840 0.045681
0.907098 0.702018
0.895638 0.947974
0.396942 0.659936
0.822950 0.622367
0.700506 0.489515
0.508817 0.779713
0.040486 0.901007
0.755188 0.284467
0.206249 0.652186
0.928120 0.804574
0.350436 0.270188
0.856720 0.918819
0.269008 0.688152
0.617997 0.071553
0.188398 0.335569
0.087739 0.559868
0.315660 0.980796
0.863286 0.244994
0.433602 0.135376
0.215600 0.774729
0.087186 0.400378
0.590111 0.196524
0.696812 0.592969
0.464190 0.241155
0.412770 0.770494
0.035339 0.607550
0.079474 0.415376
0.052403 0.727518
0.868594 0.016704
0.818908 0.783874
0.193708 0.912844
0.683690 0.888394
0.712870 0.484892
0.833218 0.090746
0.025492 0.335728
0.486923 0.225363
0.554709 0.681148
0.834943 0.895873
0.437598 0.399655
0.440120 0.309626
0.446953 0.964390
0.462348 0.495992
0.021540 0.192285
0.898134 0.389292
0.102046 0.349699
0.178546 0.249091
0.920664 0.053807
0.992615 0.326500
0.227543 0.943711
0.810847 0.924444
0.865062 0.357425
0.136276 0.805780
0.681125 0.431387
0.947115 0.951173
0.032081 0.276167
0.067753 0.826949
0.396323 0.581177
0.343534 0.971210
0.603406 0.667641
0.863325 0.420087
0.073411 0.871397
0.694654 0.841425
0.676246 0.701402
0.207538 0.286253
0.833108 0.770248
0.200579 0.764766
0.615923 0.964267
0.503691 0.478702
0.585697 0.979592
0.589942 0.745385
0.081984 0.374956
0.087008 0.318151
0.059868 0.444865
0.285274 0.199178
0.509812 0.019478
0.830103 0.200386
0.526797 0.269299
0.767835 0.954412
0.117687 0.024888
0.422040 0.064384
0.125603 0.092418
0.232689 0.211193
0.609811 0.394527
0.750217 0.078740
0.797007 0.786387
0.331355 0.949991
0.295624 0.617005
0.988503 0.344009
0.239645 0.000397
0.786229 0.748716
0.616898 0.183402
0.843593 0.715993
0.651801 0.612807
0.873786 0.792677
0.724425 0.409154
0.997653 0.623809
0.320904 0.255607
0.941085 0.892907
0.988052 0.952472
0.874207 0.162244
0.146688 0.649803
0.790086 0.072302
0.232541 0.254855
0.912188 0.367547
0.038034 0.650832
0.816367 0.083750
0.011481 0.365615
0.548159 0.532691
0.289965 0.550502
0.574665 0.203892
0.549157 0.069770
0.860448 0.208383
0.238632 0.380585
0.318939 0.107370
0.624194 0.387442
0.308274 0.332050
0.399483 0.022924
0.591769 0.617985
0.454097 0.049085
0.719694 0.740093
0.404799 0.051413
0.948005 0.877387
0.827650 0.448637
0.884475 0.853718
0.076023 0.362407
0.231091 0.860181
0.634390 0.731457
0.400423 0.611387
0.798489 0.686370
0.000048 0.502658
0.985620 0.007004
0.040929 0.103423
0.603407 0.046190
0.421872 0.355863
0.697670 0.362978
0.324555 0.677476
0.374867 0.204735
0.258642 0.847314
0.531272 0.937019
0.333422 0.360912
0.746494 0.863929
0.807625 0.542783
0.433783 0.602437
0.335105 0.778107
0.096720 0.451955
0.761949 0.625833
0.001492 0.017172
0.371421 0.441232
0.060690 0.364042
0.376869 0.301240
0.918389 0.477351
0.180392 0.297038
0.663600 0.616203
0.261267 0.872499
0.591972 0.924839
0.458005 0.424208
0.041741 0.160518
0.172022 0.938799
0.317444 0.232739
0.701994 0.519784
0.286146 0.027673
0.518752 0.416823
0.108548 0.631428
0.126734 0.580644
0.184500 0.494911
0.105166 0.153633
0.873330 0.724371
0.003584 0.810415
0.245622 0.885937
0.388423 0.305440
0.821176 0.279882
0.851454 0.195285
0.585631 0.456251
0.038449 0.380016
0.021490 0.011757
0.398797 0.209696
0.587915 0.822722
0.749076 0.929145
0.524546 0.538645
0.667294 0.871261
0.181325 0.699107
0.770966 0.529896
0.877279 0.872309
0.032261 0.750157
0.758352 0.583563
0.370117 0.492000
0.674670 0.749763
0.305926 0.804348
0.270485 0.763491
0.318575 0.357004
0.675482 0.033538
0.212894 0.760072
0.643306 0.839647
0.207796 0.438348
0.732120 0.104752
0.444565 0.490553
0.694426 0.930808
0.608676 0.242941
0.466505 0.658405
0.808349 0.856439
0.710878 0.263334
0.296107 0.185845
0.095766 0.409976
0.631246 0.765313
0.440640 0.781269
0.059986 0.766725
0.724907 0.754683
0.201431 0.323839
0.597079 0.977114
0.979765 0.202831
0.719703 0.777282
0.867485 0.102962
0.134521 0.312880
0.193041 0.173941
0.893316 0.770765
0.193373 0.646739
0.111287 0.505913
0.684922 0.157028
0.373375 0.808372
0.909322 0.160690
0.299816 0.632268
0.235784 0.489343
0.247775 0.653208
0.330786 0.119203
0.656856 0.947320
0.841154 0.146388
0.687493 0.664213
0.510489 0.434722
0.383588 0.842294
0.250835 0.291480
0.560969 0.626664
0.449719 0.864425
0.953957 0.816527
0.577891 0.051087
0.215654 0.146685
0.092959 0.929845
0.935838 0.265358
0.035679 0.466467
0.584380 0.726743
0.372950 0.765463
0.437401 0.518272
0.560189 0.245506
0.128305 0.610483
0.265170 0.525548
0.229235 0.056386
0.827781 0.115814
0.541923 0.624684
0.009517 0.753001
0.822655 0.423220
0.101588 0.097589
0.200987 0.423198
0.273350 0.818829
0.576013 0.563713
0.314677 0.145664
0.130217 0.842667
0.781042 0.682424
0.668743 0.658733
0.643806 0.186788
0.932222 0.661416
0.037141 0.718269
0.243418 0.145676
0.043955 0.808830
0.840724 0.229517
0.338252 0.329206
0.066634 0.077153
0.494832 0.376097
0.416587 0.619685
0.663530 0.635509
0.340202 0.744755
0.860079 0.320362
0.663588 0.905633
0.685411 0.999125
0.499394 0.272900
0.210378 0.415731
0.162008 0.249722
0.393708 0.340167
0.928525 0.452724
0.526567 0.501154
0.117821 0.618350
0.772728 0.284838
0.269120 0.466116
0.371250 0.479241
0.438208 0.255226
0.141138 0.266172
0.017718 0.450747
0.791265 0.727380
0.823119 0.936303
0.280610 0.408387
0.239853 0.357556
0.164321 0.002530
0.406658 0.279618
0.177276 0.585658
0.508586 0.325926
0.454838 0.296881
0.291746 0.475994
0.391544 0.318896
0.400186 0.877593
0.584766 0.847565
0.230725 0.195988
0.028262 0.367239
0.174811 0.504073
0.495986 0.864881
0.571140 0.171016
0.908353 0.663638
0.502689 0.822085
0.287697 0.880965
0.531438 0.092594
0.483544 0.321797
0.543081 0.956704
0.367524 0.026461
0.739511 0.324885
0.665287 0.497846
0.857685 0.748632
0.397916 0.514114
0.583756 0.508244
0.194130 0.454893
0.518616 0.149086
0.781940 0.165433
0.495224 0.259175
0.621759 0.457112
0.255456 0.534401
0.852200 0.727491
0.538698 0.671617
0.910683 0.556750
0.858338 0.452763
0.160616 0.237215
0.933525 0.703409
0.989972 0.093615
0.468374 0.693682
0.941818 0.631512
0.617116 0.643529
0.550142 0.241308
0.504064 0.801252
0.663515 0.036773
0.208030 0.403123
0.218300 0.348916
0.267919 0.385386
0.878275 0.555025
0.324908 0.648536
0.366805 0.939952
0.922814 0.260857
0.372962 0.381710
0.464298 0.377706
0.063950 0.982702
0.596293 0.450137
0.487983 0.357346
0.431488 0.206195
0.187005 0.770205
0.837381 0.908314
0.772603 0.273069
0.008238 0.268419
0.533855 0.225141
0.912491 0.112739
0.660934 0.835947
0.048870 0.987460
0.334167 0.593352
0.901644 0.842945
0.787311 0.405961
0.710456 0.843628
0.049888 0.245631
0.950157 0.110080
0.957975 0.345386
0.880448 0.276030
0.714449 0.049716
0.059135 0.119566
0.160171 0.525530
0.708592 0.990396
0.610435 0.291582
0.900516 0.070929
0.983752 0.905694
0.938993 0.671860
0.726554 0.093370
0.755897 0.321174
0.238238 0.839600
0.529257 0.784164
0.162201 0.901420
0.310288 0.679309
0.543730 0.164230
0.906589 0.572722
0.845281 0.975702
0.796368 0.554124
0.873106 0.267553
0.917370 0.037202
0.585980 0.421007
0.045529 0.925214
0.751346 0.060399
0.722134 0.286332
0.964474 0.149331
0.597203 0.465169
0.224888 0.542962
0.229778 0.923802
0.172041 0.830253
0.340022 0.891335
0.855426 0.131903
0.410368 0.549948
0.740750 0.907675
0.943901 0.095615
0.558748 0.317395
0.944771 0.618902
0.464386 0.879032
0.732685 0.589215
0.100644 0.021878
0.084297 0.455153
0.188319 0.075126
0.329067 0.227287
0.337171 0.552447
0.968311 0.227230
0.400146 0.990771
0.538099 0.132896
0.070292 0.379396
0.733666 0.381245
0.904656 0.193021
0.413657 0.003279
0.545836 0.345007
0.645588 0.932185
0.587708 0.260603
0.899946 0.017246
0.227921 0.716858
0.099628 0.717018
0.239581 0.412839
0.289440 0.151618
0.022592 0.624160
0.906787 0.123876
0.298121 0.996560
0.183932 0.555147
0.591298 0.499037
0.462560 0.152769
0.258559 0.722380
0.643679 0.680807
0.469222 0.128540
0.079807 0.544008
0.672307 0.843507
0.598325 0.062401
0.085107 0.049007
0.388538 0.287982
0.149711 0.633817
0.113691 0.734481
0.890022 0.442910
0.408086 0.413853
0.878702 0.527216
0.364559 0.551677
0.131342 0.710388
0.354988 0.647080
0.242964 0.188444
0.152736 0.991214
0.901101 0.860453
0.174089 0.575221
0.901151 0.427892
0.588896 0.407885
0.612578 0.040347
0.047968 0.457422
0.819527 0.698852
0.549945 0.200926
0.637987 0.045330
0.720746 0.424304
0.757375 0.438088
0.364322 0.098576
0.609969 0.223401
0.746495 0.781607
0.119135 0.430989
0.725277 0.038609
0.175247 0.848634
0.487528 0.535436
0.282773 0.951048
0.683168 0.617910
0.353428 0.099620
0.614111 0.575922
0.449713 0.445774
0.416342 0.680156
0.188529 0.465441
0.171773 0.521054
0.756937 0.984232
0.219840 0.172999
0.922728 0.898937
0.377197 0.137199
0.142254 0.006772
0.807930 0.824806
0.914956 0.348943
0.456638 0.645615
0.673504 0.975907
0.613359 0.927750
0.928172 0.997718
0.268294 0.946144
0.112128 0.869964
0.109511 0.898298
0.468422 0.513905
0.544773 0.690247
0.563029 0.203873
0.375177 0.630856
0.515162 0.128802
0.829810 0.839441
0.323476 0.158390
0.269635 0.860606
0.453873 0.128094
0.082199 0.174168
0.727455 0.486973
0.506925 0.919943
0.215467 0.135851
0.441895 0.222084
0.236069 0.275397
0.138119 0.176380
0.589775 0.238835
0.816261 0.712925
0.774855 0.295749
0.798322 0.508615
0.160987 0.722810
0.792085 0.697821
0.856432 0.957511
0.260416 1.009870
0.633284 1.006687
0.430317 1.002421
0.472840 1.009636
0.312030 1.009398
0.239645 1.000397
0.985620 1.007004
0.164321 1.002530
0.413657 1.003279
0.142254 1.006772
1.002059 0.156857
1.000695 0.303156
1.000493 0.101944
1.006537 0.041932
1.000152 0.636429
1.001332 0.563914
1.001446 0.797611
1.003573 0.425058
1.009788 0.640956
1.002308 0.287255
1.000048 0.502658
1.001492 0.017172
1.003584 0.810415
1.009517 0.753001
1.008238 0.268419
