0.116906 -0.002922
0.521181 0.711388
0.222204 0.288738
0.803564 0.894392
0.811614 0.658575
0.987244 0.673245
0.202281 0.144568
0.201231 0.099111
0.623315 0.679610
0.319841 0.182314
0.913216 0.116409
0.974737 0.206765
0.916375 0.669078
0.224525 0.151128
0.717447 0.098317
0.560493 0.526206
0.219124 0.666983
0.452146 0.490370
0.467756 0.773872
0.362620 0.715389
0.157330 0.498585
0.196602 0.183115
0.677187 0.897071
0.602258 0.259875
0.582425 0.476959
0.868319 0.675783
0.607432 0.880232
0.805729 0.599030
0.185066 0.931739
0.659778 0.694074
0.804169 0.379674
0.249856 0.328499
0.978223 0.245257
0.392729 0.026477
0.775453 0.444426
0.116906 0.997078
0.678992 0.442115
0.152734 0.311321
0.533890 0.431538
0.891386 0.152399
0.508026 0.725320
0.727408 0.806771
0.692050 0.542047
0.131539 0.445551
0.491589 0.698864
0.527405 0.225827
0.476249 0.043581
0.813500 0.199822
0.523147 0.728389
0.058248 0.421030
0.079583 0.513534
0.565986 0.293647
0.868584 0.736165
0.663399 0.962024
0.887882 0.928419
0.712699 0.083296
0.254394 0.348084
0.896581 0.718915
0.260912 0.128226
0.759170 0.804802
0.264001 0.799987
0.429533 0.888154
0.778439 0.264853
0.209138 0.375976
0.799234 0.242855
