-0.000920 0.171121
0.181847 0.263803
0.145539 0.136069
0.869292 0.579705
0.549860 0.144955
0.853031 0.622055
0.350952 0.513250
0.401808 0.075967
0.239916 0.123319
0.183908 0.239953
0.417267 0.049654
0.902716 0.944787
0.490864 0.489253
0.337719 0.900054
0.369247 0.111203
0.780252 0.389739
0.241691 0.403912
0.096455 0.131973
0.942051 0.956135
0.575209 0.059780
0.234780 0.353159
0.821194 0.015403
0.043024 0.168990
0.649115 0.731722
0.647746 0.450924
0.547009 0.296321
0.744693 0.188955
0.686775 0.183511
0.368485 0.625619
0.780227 0.081126
0.929386 0.775713
0.486792 0.435859
0.446784 0.306349
0.508509 0.510772
0.817628 0.794831
0.644318 0.378609
0.811580 0.532826
0.350727 0.939002
0.875943 0.550156
0.622475 0.587045
0.207742 0.301246
0.470923 0.230488
0.844309 0.194764
0.225922 0.170708
0.227664 0.435699
0.311102 0.923380
0.430207 0.184816
0.904881 0.979748
0.438870 0.111119
0.258065 0.408720
0.594896 0.262212
0.602843 0.711216
0.221747 0.117418
0.296676 0.318778
0.424167 0.507858
0.085516 0.262482
0.801015 0.029220
0.928854 0.730331
0.488609 0.578525
0.237284 0.458849
0.963089 0.546806
0.521136 0.231594
0.488898 0.624060
0.679136 0.395515
0.367437 0.987982
0.037739 0.885168
0.913287 0.796184
0.098712 0.261871
0.335357 0.679728
0.136553 0.721227
0.106762 0.653757
0.494174 0.779052
0.715037 0.903721
0.890923 0.334163
0.698746 0.197810
0.030541 0.744074
0.500022 0.479922
0.904722 0.609867
0.617666 0.859442
0.805489 0.576722
0.886512 0.028674
0.489901 0.167927
0.978681 0.712694
0.059619 0.681972
0.042431 0.071445
0.521650 0.096730
0.818149 0.817547
0.722440 0.149865
0.659605 0.518595
0.972975 0.648991
0.800331 0.453798
0.432392 0.825314
0.083470 0.133171
0.173389 0.390938
0.831380 0.803364
0.060471 0.399258
0.526876 0.416799
0.656860 0.627973
0.291984 0.431651
0.015487 0.984064
0.167168 0.106216
0.372410 0.198118
0.489688 0.339493
0.951630 0.920332
0.052677 0.737858
0.269119 0.422836
0.547871 0.942737
0.417744 0.983052
0.301455 0.701099
0.666339 0.539126
0.698106 0.666528
0.178132 0.128014
0.999080 0.171121
0.032601 0.561200
0.881867 0.669175
0.190433 0.368917
0.460726 0.981638
0.156405 0.855523
0.190924 0.428253
0.482022 0.120612
0.589507 0.226188
0.384619 0.582986
0.251806 0.290441
0.617091 0.265281
0.824376 0.982663
0.730249 0.343877
0.584069 0.107769
0.906308 0.879654
