-0.009020 0.436639
-0.006551 0.380657
-0.000429 0.786560
-0.000756 0.717082
-0.002609 0.609833
-0.009840 0.657187
0.384479 -0.007962
0.668417 -0.003688
0.106105 -0.000783
0.030503 -0.001826
0.812713 0.464821
0.396319 0.415450
0.305196 0.478476
0.304481 0.302628
0.830231 0.497731
0.617470 0.673896
0.197782 0.413460
0.594841 0.386368
0.610251 0.016158
0.516811 0.540454
0.937571 0.939416
0.417585 0.293193
0.006107 0.350836
0.501351 0.084952
0.176474 0.642325
0.929252 0.835983
0.339693 0.027106
0.229933 0.642559
0.544169 0.280905
0.364213 0.596415
0.832368 0.717437
0.132288 0.223619
0.216754 0.257302
0.890045 0.735175
0.510308 0.464343
0.028882 0.424950
0.261756 0.367479
0.169399 0.732915
0.314880 0.656420
0.662801 0.525902
0.570751 0.775430
0.937494 0.963137
0.013838 0.037285
0.954604 0.373470
0.584251 0.575931
0.412470 0.529811
0.370666 0.839041
0.577994 0.119066
0.717995 0.087503
0.267864 0.099820
0.397332 0.650397
0.943663 0.249818
0.310446 0.613048
0.702184 0.287641
0.187093 0.528498
0.278425 0.448855
0.039385 0.937607
0.118088 0.523992
0.782650 0.325534
0.618873 0.075559
0.039130 0.074436
0.850481 0.810095
0.317736 0.722770
0.848200 0.061623
0.663443 0.822945
0.104359 0.093730
0.597573 0.644363
0.071074 0.956712
0.630777 0.851885
0.446132 0.874189
0.819186 0.177402
0.113845 0.453404
0.932613 0.648602
0.571503 0.815291
0.315815 0.112685
0.058613 0.878890
0.076538 0.505059
0.171055 0.091002
0.082694 0.254483
0.590969 0.278357
0.233156 0.205738
0.316819 0.940842
0.367185 0.036181
0.292488 0.849475
0.473499 0.512723
0.214328 0.923739
0.165512 0.286095
0.384479 0.992038
0.262941 0.205565
0.094771 0.138941
0.929458 0.809381
0.870907 0.861976
0.224311 0.687377
0.299808 0.769049
0.829529 0.792623
0.610246 0.143374
0.921549 0.423144
0.128648 0.073386
0.569992 0.138076
0.120689 0.380074
0.907527 0.469586
0.264374 0.254290
0.159592 0.560055
0.193790 0.098468
0.300266 0.231312
0.605885 0.478213
0.928954 0.431877
0.025131 0.133629
0.147952 0.476111
0.410858 0.779336
0.589284 0.219271
0.888315 0.917257
0.644693 0.388672
0.942901 0.611951
0.846936 0.177922
0.912640 0.162561
0.131264 0.276429
0.346350 0.088431
0.192047 0.326186
0.771408 0.907413
0.351645 0.388322
0.158772 0.846937
0.213090 0.000500
0.961545 0.976135
0.792810 0.184793
0.149037 0.258567
0.616191 0.944367
0.453671 0.282001
0.011786 0.103382
0.868196 0.146153
0.701150 0.646832
0.208106 0.383581
0.793801 0.772929
0.781709 0.509818
0.256949 0.599831
0.564559 0.354462
0.161061 0.523343
0.154839 0.905052
0.700512 0.933906
0.526237 0.274742
0.230590 0.311587
0.152973 0.832395
0.273751 0.912695
0.471703 0.986115
0.087278 0.603705
0.038331 0.293856
0.485323 0.168660
0.608931 0.504649
0.785650 0.140924
0.344247 0.145326
0.488421 0.469850
0.840545 0.532601
0.817333 0.754529
0.039028 0.104368
0.290107 0.544703
0.121530 0.605665
0.660072 0.360596
0.266551 0.888918
0.375121 0.674372
0.323816 0.809220
0.089176 0.340746
0.500816 0.131791
0.965592 0.408580
0.971235 0.637090
0.460620 0.251561
0.177962 0.589023
0.159518 0.401691
0.638177 0.700708
0.067061 0.519137
0.555939 0.808721
0.542091 0.453695
0.271281 0.829182
0.472838 0.643563
0.596709 0.135950
0.248615 0.328829
0.054880 0.720569
0.791426 0.978242
0.099187 0.699110
0.135816 0.315608
0.412889 0.025724
0.619034 0.500886
0.344787 0.007796
0.687940 0.350027
0.982074 0.816550
0.436568 0.572650
0.971328 0.935057
0.538076 0.917809
0.761201 0.978684
0.419188 0.184721
0.887304 0.973619
0.853902 0.048129
0.202443 0.830521
0.323367 0.888261
0.132053 0.953849
0.231058 0.053978
0.593775 0.905650
0.828832 0.924613
0.410951 0.562411
0.661730 0.158211
0.862547 0.407163
0.987721 0.859948
0.823835 0.405606
0.068630 0.610717
0.990980 0.436639
0.158585 0.886834
0.163700 0.001736
0.864359 0.974036
0.721575 0.720655
0.549941 0.602019
0.106059 0.688636
0.100267 0.915502
0.361976 0.324669
0.956651 0.090819
0.753824 0.375705
0.088711 0.979481
0.677176 0.828843
0.028491 0.495744
0.183727 0.614370
0.378411 0.633009
0.847140 0.751361
0.375480 0.688030
0.052670 0.805060
0.725169 0.035639
0.501726 0.928099
0.247995 0.921127
0.151940 0.229850
0.835896 0.782432
0.699906 0.847886
0.129640 0.161469
0.201684 0.532146
0.877485 0.587854
0.325855 0.685718
0.075487 0.287184
0.592744 0.173189
0.210985 0.891495
0.877964 0.185558
0.301752 0.349300
0.177002 0.179904
0.781447 0.676221
0.539552 0.621310
0.262261 0.312182
0.336363 0.942489
0.130240 0.756435
0.653671 0.103246
0.400268 0.570209
0.631991 0.269768
0.740094 0.373751
0.772975 0.742736
0.943976 0.097803
0.319352 0.000611
0.497930 0.968371
0.416243 0.827179
0.764568 0.183027
0.596058 0.599531
0.847318 0.859378
0.153145 0.735486
0.863618 0.949396
0.383236 0.093471
0.198965 0.360876
0.377116 0.474802
0.084639 0.477896
0.771286 0.149806
0.303556 0.984892
0.396157 0.663703
0.771885 0.613809
0.177952 0.019510
0.197755 0.549359
0.310482 0.201811
0.499448 0.609161
0.807782 0.615425
0.405622 0.471122
0.007307 0.436607
0.160363 0.469197
0.816439 0.547094
0.041359 0.279794
0.052741 0.351584
0.140361 0.359834
0.202149 0.291261
0.749698 0.789986
0.206708 0.210289
0.942626 0.666904
0.089812 0.489026
0.154458 0.875528
0.884823 0.659268
0.027001 0.958046
0.645956 0.090006
0.282000 0.766953
0.195903 0.024929
0.131739 0.349007
0.689533 0.095606
0.626848 0.543860
0.603795 0.804541
0.522395 0.101047
0.376018 0.000072
0.016285 0.259529
0.942766 0.400853
0.149945 0.304963
0.165691 0.374146
0.664230 0.731660
0.134969 0.248428
0.976381 0.703846
0.427592 0.143809
0.458540 0.600255
0.754138 0.186240
0.822974 0.228845
0.905925 0.953526
0.501518 0.332119
0.194520 0.079115
0.163638 0.632862
0.758381 0.486072
0.267414 0.621518
0.839980 0.198222
0.786983 0.538391
0.509034 0.556966
0.319030 0.411297
0.904450 0.866336
0.922534 0.563737
0.186325 0.676592
0.357301 0.180179
0.413464 0.800962
0.251283 0.664988
0.176965 0.432086
0.095820 0.300953
0.719704 0.383541
0.438396 0.009092
0.655128 0.434908
0.642485 0.517915
0.131623 0.429289
0.993449 0.380657
0.838939 0.048690
0.179801 0.703209
0.297855 0.423246
0.533774 0.771634
0.238015 0.625607
0.718002 0.218869
0.489281 0.885912
0.999571 0.786560
0.326389 0.599535
0.748606 0.862532
0.415070 0.414069
0.373026 0.242606
0.507624 0.978059
0.457885 0.976305
0.043576 0.552151
0.875378 0.299478
0.062944 0.593991
0.190724 0.295747
0.037771 0.449088
0.459361 0.790515
0.106920 0.760475
0.972741 0.092125
0.375688 0.515797
0.003958 0.947384
0.233125 0.367392
0.262839 0.013248
0.070377 0.378267
0.559877 0.236049
0.590869 0.893510
0.650972 0.503891
0.644392 0.759260
0.328924 0.548180
0.915525 0.736303
0.908632 0.608881
0.625592 0.357688
0.885553 0.263909
0.104617 0.324806
0.525290 0.180993
0.540998 0.293100
0.964988 0.351069
0.433298 0.845060
0.340332 0.651619
0.527397 0.067469
0.302564 0.493999
0.668417 0.996312
0.635411 0.771094
0.238630 0.519194
0.618688 0.099882
0.406240 0.971186
0.650547 0.782912
0.066520 0.434643
0.546133 0.857276
0.392213 0.829373
0.258576 0.050662
0.913977 0.708697
0.683632 0.760256
0.030832 0.620134
0.516744 0.570985
0.579935 0.209967
0.827015 0.318357
0.442515 0.183902
0.264318 0.073339
0.749525 0.390931
0.623286 0.146135
0.372181 0.147604
0.355929 0.482085
0.566359 0.569844
0.801290 0.817235
0.506061 0.503101
0.706116 0.536434
0.598678 0.726439
0.427283 0.008697
0.530962 0.214766
0.183302 0.953546
0.744441 0.245403
0.106105 0.999217
0.663763 0.469559
0.552882 0.312897
0.362363 0.749236
0.801694 0.600697
0.296025 0.677371
0.400205 0.546537
0.645852 0.688930
0.655709 0.209323
0.954554 0.478357
0.461529 0.481159
0.149787 0.116232
0.683568 0.855524
0.144655 0.443210
0.017446 0.091545
0.680157 0.942603
0.463852 0.958737
0.498678 0.783573
0.668221 0.374998
0.067799 0.647044
0.443387 0.150113
0.072437 0.768264
0.177788 0.215282
0.573175 0.636462
0.219651 0.446574
0.709183 0.018230
0.557472 0.548332
0.009731 0.452272
0.336107 0.347435
0.436252 0.385624
0.627549 0.706893
0.239851 0.693346
0.195071 0.437817
0.654311 0.195288
0.774542 0.064769
0.030503 0.998174
0.693787 0.948370
0.887914 0.962367
0.100661 0.900603
0.529958 0.819210
0.750699 0.888182
0.813418 0.222764
0.151707 0.763139
0.967612 0.905200
0.194670 0.151592
0.468428 0.909657
0.449875 0.801057
0.610490 0.423729
0.462630 0.937697
0.879410 0.323083
0.772007 0.351986
0.311801 0.809263
0.524893 0.363616
0.639098 0.194016
0.731766 0.262873
0.809466 0.423092
0.627126 0.180154
0.657493 0.296845
0.989251 0.450212
0.351380 0.584960
0.883600 0.812360
0.895068 0.890938
0.282684 0.312765
0.516133 0.925914
0.534165 0.679581
0.279682 0.115335
0.873229 0.669188
0.144147 0.780207
0.389133 0.314907
0.861112 0.915190
0.272336 0.854450
0.066246 0.634246
0.878755 0.116764
0.921575 0.604865
0.045065 0.034714
0.126886 0.865357
0.083342 0.276641
0.865175 0.288341
0.121825 0.732349
0.241507 0.069220
0.354473 0.423065
0.496412 0.724506
0.921898 0.691337
0.796299 0.837247
0.047050 0.856471
0.012703 0.785373
0.485541 0.331840
0.524252 0.796326
0.440326 0.739888
0.254254 0.400191
0.783228 0.714600
0.179291 0.442694
0.813599 0.150752
0.020693 0.808635
0.352616 0.221142
0.811127 0.104402
0.253230 0.805252
0.304745 0.702053
0.678950 0.281346
0.194929 0.269524
0.159353 0.260763
0.115549 0.547918
0.489151 0.952300
0.298992 0.643066
0.480649 0.061264
0.483247 0.638117
0.385150 0.261992
0.364238 0.050079
0.504814 0.620374
0.946696 0.746480
0.885279 0.450386
0.577330 0.622461
0.239399 0.130172
0.253509 0.232312
0.250179 0.205074
0.789085 0.465001
0.079811 0.056451
0.648437 0.118909
0.226976 0.962254
0.293978 0.898230
0.385997 0.012075
0.133626 0.632462
0.551588 0.252777
0.396923 0.174402
0.762549 0.793040
0.478364 0.085622
0.618172 0.971545
0.501096 0.475812
0.999244 0.717082
0.469786 0.019011
0.515277 0.697288
0.074735 0.081946
0.623561 0.413062
0.418705 0.540148
0.074818 0.570403
0.830906 0.296285
0.644059 0.137842
0.844529 0.824135
0.752668 0.916812
0.451400 0.705916
0.676358 0.407062
0.234818 0.564608
0.500375 0.947569
0.016323 0.309618
0.966422 0.848384
0.099305 0.041520
0.909121 0.553816
0.842346 0.313496
0.520029 0.195353
0.533971 0.100445
0.451398 0.748552
0.532087 0.928461
0.394918 0.160158
0.846490 0.163750
0.854058 0.843160
0.484471 0.773952
0.845434 0.399737
0.559930 0.517272
0.292225 0.921607
0.403006 0.909368
0.483588 0.409134
0.190819 0.866435
0.616757 0.442253
0.712027 0.102941
0.567207 0.737330
0.918968 0.879613
0.370251 0.709039
0.380778 0.445111
0.231990 0.583900
0.014234 0.408549
0.383371 0.143652
0.739853 0.324789
0.144813 0.401017
0.580777 0.104487
0.816292 0.573702
0.210623 0.431053
0.432794 0.871234
0.166463 0.541833
0.020255 0.120340
0.634114 0.484786
0.972325 0.880704
0.704576 0.083358
0.678622 0.774835
0.911877 0.354249
0.543833 0.653164
0.177536 0.984787
0.002732 0.195770
0.468250 0.556886
0.446642 0.055288
0.696427 0.237663
0.299689 0.256048
0.087146 0.567423
0.266137 0.032025
0.640087 0.600902
0.191066 0.687912
0.310483 0.426498
0.784548 0.594627
0.651575 0.589431
0.159153 0.042133
0.756925 0.415022
0.669501 0.635469
0.954674 0.024173
0.581903 0.716317
0.154268 0.157502
0.462561 0.035016
0.726494 0.751873
0.142328 0.493704
0.365110 0.780877
0.139424 0.746410
0.620603 0.907755
0.717877 0.117553
0.870676 0.065958
0.001347 0.306666
0.396320 0.285918
0.649054 0.260231
0.986044 0.672910
0.667248 0.789356
0.069405 0.243246
0.509871 0.865727
0.997391 0.609833
0.023180 0.905634
0.754617 0.611007
0.422153 0.246585
0.206307 0.323515
0.356828 0.408000
0.514404 0.908795
0.116941 0.180037
0.469115 0.312142
0.931958 0.877757
0.989405 0.194377
0.819408 0.614210
0.235228 0.792114
0.433431 0.129682
0.217928 0.467756
0.489737 0.193454
0.120132 0.675585
0.990160 0.657187
0.226411 0.827994
0.644953 0.025331
0.580839 0.370652
0.982374 0.584894
0.618133 0.280020
0.902236 0.439975
0.213090 1.000500
0.344787 1.007796
0.163700 1.001736
0.319352 1.000611
0.376018 1.000072
0.438396 1.009092
0.427283 1.008697
1.006107 0.350836
1.007307 0.436607
1.003958 0.947384
1.009731 0.452272
1.002732 0.195770
1.001347 0.306666
