-0.009505 0.794284
-0.007204 0.404135
-0.001921 0.415485
-0.006265 0.425572
-0.001410 0.710541
-0.007609 0.679937
-0.009325 0.769158
-0.003915 0.300446
0.755700 -0.007606
0.828423 -0.001630
0.392261 -0.001244
0.363779 0.499318
0.813524 0.234818
0.022264 0.301121
0.298062 0.825928
0.136395 0.814580
0.861088 0.552942
0.018530 0.507821
0.713645 0.697748
0.893456 0.701185
0.937290 0.010893
0.819740 0.034268
0.516160 0.653330
0.754127 0.279997
0.603051 0.888781
0.643234 0.786063
0.491141 0.403460
0.877440 0.708183
0.826492 0.010670
0.095557 0.543284
0.856217 0.264356
0.775547 0.637921
0.725060 0.894648
0.767987 0.206847
0.043304 0.153564
0.718314 0.128644
0.220789 0.453559
0.465261 0.089786
0.506730 0.076509
0.166525 0.747710
0.334567 0.305054
0.818879 0.982049
0.968970 0.576622
0.233483 0.292098
0.673764 0.573739
0.199702 0.958198
0.336155 0.149664
0.328383 0.113097
0.771914 0.792563
0.587069 0.079192
0.192902 0.775405
0.353391 0.838948
0.133887 0.698148
0.190345 0.396807
0.338947 0.922693
0.838403 0.629524
0.865491 0.216290
0.064899 0.678001
0.535120 0.517349
0.255719 0.852828
0.474710 0.944119
0.458621 0.849972
0.535552 0.434101
0.876484 0.908249
0.285203 0.132704
0.000133 0.317961
0.530108 0.829176
0.673584 0.913014
0.756142 0.168512
0.964016 0.348266
0.598488 0.731392
0.870816 0.333399
0.463043 0.166887
0.466389 0.456370
0.127822 0.639930
0.896488 0.427428
0.175846 0.294898
0.058738 0.060173
0.026660 0.550467
0.563051 0.304596
0.754511 0.671103
0.939838 0.485155
0.518088 0.789203
0.571168 0.766495
0.920166 0.210306
0.608114 0.465725
0.616700 0.203092
0.677601 0.017316
0.226608 0.914466
0.768434 0.533313
0.068380 0.199584
0.012018 0.966572
0.832201 0.445309
0.990495 0.794284
0.488611 0.130589
0.212243 0.831110
0.323787 0.738768
0.159873 0.731471
0.053694 0.714390
0.121736 0.984045
0.593098 0.269543
0.432004 0.930512
0.507885 0.064098
0.659111 0.449172
0.147168 0.775228
0.531262 0.087894
0.900461 0.868151
0.056300 0.640056
0.889265 0.347723
0.446879 0.017031
0.861418 0.937822
0.478774 0.569831
0.992796 0.404135
0.219841 0.866497
0.689023 0.171469
0.009024 0.169077
0.206388 0.901622
0.425205 0.661447
0.322383 0.597437
0.210647 0.189618
0.208316 0.713345
0.252696 0.270015
0.481757 0.220674
0.354664 0.637734
0.749754 0.492421
0.617389 0.319453
0.302499 0.141789
0.844342 0.288154
0.908832 0.113209
0.613861 0.283904
0.508132 0.538875
0.052151 0.437082
0.691453 0.115925
0.359623 0.306056
0.302248 0.561445
0.796099 0.469949
0.791171 0.418769
0.739530 0.357523
0.949822 0.750147
0.019577 0.755167
0.911801 0.347754
0.071285 0.855089
0.915525 0.522012
0.691189 0.261378
0.895908 0.459712
0.232019 0.195943
0.849694 0.741609
0.662215 0.107088
0.650630 0.904423
0.110706 0.603830
0.016382 0.091210
0.905672 0.547619
0.644206 0.235877
0.620574 0.078982
0.645751 0.176300
0.618925 0.970324
0.669193 0.331811
0.457887 0.024949
0.523105 0.989192
0.723364 0.396945
0.590730 0.573180
0.507674 0.145546
0.290949 0.501144
0.141870 0.406383
0.593103 0.809380
0.470599 0.674122
0.757180 0.182100
0.619639 0.769927
0.421086 0.438989
0.832912 0.501544
0.102732 0.364360
0.820802 0.122844
0.649359 0.736625
0.710665 0.105335
0.958604 0.423693
0.560113 0.098783
0.483118 0.153625
0.308470 0.130916
0.343519 0.663060
0.576596 0.066874
0.248482 0.908679
0.889508 0.989806
0.323655 0.987420
0.613865 0.652082
0.601346 0.797794
0.610447 0.377239
0.174647 0.059914
0.152353 0.383419
0.318187 0.955604
0.028960 0.397179
0.277810 0.361853
0.780453 0.445664
0.057312 0.047994
0.530815 0.766768
0.614629 0.932433
0.781577 0.754903
0.326217 0.521981
0.645579 0.511238
0.662100 0.231310
0.982569 0.085919
0.412678 0.985284
0.485259 0.611872
0.011220 0.768552
0.741560 0.217347
0.397321 0.262564
0.078639 0.220120
0.484985 0.515296
0.839009 0.413152
0.402176 0.952687
0.335098 0.133750
0.695436 0.922773
0.779639 0.610826
0.792457 0.837900
0.687358 0.081434
0.806141 0.134777
0.569914 0.574692
0.016103 0.934828
0.614780 0.668575
0.421773 0.702767
0.470697 0.408893
0.988636 0.485251
0.117263 0.858086
0.341976 0.316379
0.377527 0.869882
0.531433 0.025156
0.248355 0.723680
0.432381 0.261451
0.189409 0.214478
0.494895 0.033001
0.372624 0.356677
0.274707 0.264399
0.744515 0.131684
0.803084 0.304403
0.038964 0.772143
0.725695 0.846529
0.553800 0.842397
0.048919 0.758804
0.676000 0.874429
0.453945 0.179503
0.847399 0.046426
0.523596 0.232704
0.098685 0.857084
0.042738 0.142042
0.217498 0.777462
0.357606 0.025324
0.833780 0.363198
0.788562 0.879660
0.676508 0.545244
0.898889 0.099493
0.090939 0.034239
0.324174 0.166066
0.998079 0.415485
0.754333 0.693313
0.770644 0.912260
0.310680 0.204717
0.072879 0.587201
0.542487 0.644086
0.598005 0.450020
0.162550 0.764921
0.983300 0.143146
0.827703 0.881133
0.070450 0.477865
0.738755 0.733737
0.816245 0.533480
0.560833 0.346526
0.550756 0.021103
0.736771 0.833972
0.836320 0.033120
0.912172 0.094925
0.850908 0.522200
0.016366 0.129177
0.593175 0.721787
0.037025 0.176169
0.232437 0.715013
0.770586 0.589379
0.872939 0.453991
0.983929 0.259961
0.690669 0.596744
0.279329 0.279210
0.683768 0.811281
0.076241 0.369373
0.806237 0.958331
0.993735 0.425572
0.433153 0.338446
0.454668 0.769975
0.755700 0.992394
0.203073 0.375417
0.708670 0.163498
0.323962 0.809012
0.218957 0.328388
0.461998 0.352330
0.073540 0.505193
0.274200 0.567635
0.027511 0.613717
0.423612 0.645296
0.306118 0.290785
0.430515 0.550274
0.122461 0.130425
0.228788 0.106923
0.093037 0.188573
0.521407 0.941817
0.637501 0.718558
0.424442 0.248358
0.935987 0.802128
0.761634 0.061753
0.906654 0.655628
0.947950 0.545242
0.305319 0.088516
0.421535 0.367533
0.852529 0.983924
0.053853 0.357135
0.380648 0.104580
0.589612 0.146321
0.376576 0.936352
0.700370 0.242934
0.742119 0.326638
0.200618 0.287567
0.292593 0.429844
0.478113 0.931920
0.958075 0.723048
0.864808 0.523250
0.052769 0.960015
0.672208 0.065467
0.979136 0.294845
0.949909 0.173420
0.000905 0.878455
0.850537 0.336409
0.098330 0.628119
0.400417 0.928052
0.880606 0.619081
0.893941 0.209053
0.090453 0.595820
0.299313 0.775434
0.563496 0.144256
0.856053 0.030408
0.850324 0.232800
0.707646 0.184121
0.538151 0.271514
0.378257 0.512147
0.515419 0.468934
0.154167 0.215126
0.645173 0.606139
0.182345 0.867691
0.527718 0.974538
0.285485 0.949081
0.607605 0.776488
0.899758 0.509788
0.532835 0.798576
0.655096 0.463058
0.557317 0.743034
0.514322 0.120782
0.268087 0.924859
0.589397 0.539223
0.937265 0.255629
0.911900 0.557116
0.738685 0.684321
0.139706 0.973489
0.424540 0.076212
0.107926 0.972241
0.570353 0.483825
0.644990 0.218204
0.633619 0.960137
0.726422 0.969658
0.446790 0.638362
0.307138 0.443406
0.665270 0.822277
0.319021 0.657045
0.505403 0.157446
0.305077 0.105101
0.870622 0.678951
0.826875 0.946069
0.630604 0.513402
0.555995 0.987431
0.626902 0.852017
0.490251 0.019959
0.243831 0.550075
0.101567 0.474312
0.174531 0.325383
0.110386 0.428237
0.718991 0.767617
0.927185 0.756954
0.332498 0.880560
0.525610 0.267340
0.168217 0.045011
0.170775 0.925775
0.108624 0.834149
0.151815 0.855876
0.598568 0.197768
0.797531 0.787386
0.095585 0.171448
0.602812 0.325098
0.267285 0.789300
0.616613 0.686464
0.489868 0.529701
0.221869 0.748181
0.258154 0.199114
0.871523 0.027186
0.036340 0.437994
0.065688 0.979386
0.628900 0.656328
0.327906 0.475500
0.016242 0.200028
0.858495 0.067540
0.310749 0.826623
0.611868 0.914600
0.884110 0.245313
0.958202 0.452297
0.585221 0.011679
0.728435 0.415300
0.118637 0.596256
0.753737 0.658332
0.283710 0.535615
0.922883 0.466639
0.368810 0.917394
0.693418 0.821237
0.857737 0.110577
0.704999 0.551666
0.520628 0.313732
0.161415 0.319728
0.671067 0.523951
0.607800 0.760315
0.163863 0.494362
0.764688 0.300811
0.838866 0.679808
0.328461 0.538264
0.837817 0.242977
0.538793 0.226349
0.919941 0.935995
0.488630 0.697628
0.516586 0.285234
0.009450 0.292950
0.666485 0.155092
0.225578 0.877622
0.070616 0.657219
0.020851 0.728718
0.398518 0.687246
0.073087 0.758046
0.500775 0.530090
0.738252 0.274568
0.238036 0.759943
0.960094 0.166206
0.730205 0.794713
0.573570 0.361690
0.161334 0.886371
0.901999 0.758582
0.658685 0.288967
0.143057 0.308133
0.347441 0.139538
0.216239 0.555822
0.051184 0.417353
0.711580 0.879273
0.815421 0.322125
0.376389 0.138016
0.653592 0.025492
0.233686 0.978782
0.943021 0.981064
0.423406 0.537076
0.463277 0.625909
0.502559 0.791777
0.710352 0.569405
0.157099 0.625603
0.925833 0.983197
0.723174 0.187558
0.860132 0.129060
0.743472 0.047878
0.649699 0.059537
0.919762 0.171725
0.088046 0.304543
0.671595 0.204443
0.974810 0.039560
0.491791 0.640933
0.405016 0.057082
0.630337 0.214581
0.629709 0.394561
0.780077 0.702483
0.078309 0.380750
0.437689 0.406951
0.273786 0.231351
0.737898 0.879400
0.772488 0.035833
0.554316 0.588174
0.246189 0.398386
0.489634 0.781287
0.449977 0.833240
0.676675 0.086629
0.980718 0.566428
0.207679 0.095609
0.062521 0.025782
0.334127 0.556807
0.599864 0.210636
0.253915 0.651974
0.124717 0.452696
0.061912 0.292961
0.318404 0.493858
0.628669 0.753146
0.693887 0.136881
0.906962 0.378877
0.958209 0.817646
0.423895 0.817977
0.444496 0.380260
0.175765 0.238147
0.283592 0.040649
0.551417 0.942499
0.787837 0.241432
0.695976 0.015258
0.768548 0.331893
0.322330 0.765437
0.384165 0.218627
0.563322 0.220633
0.162637 0.399640
0.020395 0.423270
0.003273 0.044860
0.189124 0.201336
0.600350 0.231722
0.566548 0.550750
0.338006 0.989924
0.787180 0.524301
0.018839 0.263452
0.998590 0.710541
0.218090 0.641613
0.121068 0.556681
0.083664 0.587107
0.639266 0.125155
0.865262 0.487784
0.276018 0.311472
0.666567 0.500098
0.444139 0.325583
0.565924 0.015223
0.481772 0.328476
0.078623 0.445408
0.465510 0.736679
0.699037 0.533090
0.206323 0.156967
0.402240 0.437576
0.975063 0.926744
0.308064 0.862583
0.842280 0.787971
0.536371 0.001830
0.370152 0.436121
0.633203 0.146777
0.565367 0.403117
0.053982 0.135985
0.390510 0.457556
0.331911 0.857333
0.652723 0.342280
0.460864 0.535503
0.828423 0.998370
0.382405 0.190080
0.992391 0.679937
0.934896 0.636410
0.648705 0.382612
0.027874 0.593066
0.731305 0.653124
0.061962 0.153041
0.384369 0.288318
0.186366 0.947338
0.398056 0.139152
0.541373 0.030516
0.548450 0.396589
0.468100 0.593645
0.085334 0.497141
0.776899 0.133818
0.700195 0.830731
0.356712 0.973022
0.360979 0.281578
0.543410 0.407239
0.920304 0.356899
0.112509 0.255084
0.155677 0.813111
0.664118 0.547277
0.285949 0.097313
0.831218 0.315020
0.658211 0.261000
0.284530 0.691057
0.973479 0.282558
0.853993 0.901328
0.837754 0.752280
0.259131 0.947138
0.847132 0.842375
0.777156 0.473755
0.851166 0.929184
0.984498 0.847007
0.976697 0.344855
0.285206 0.915859
0.670683 0.785491
0.183005 0.140886
0.055745 0.618373
0.589941 0.375036
0.022618 0.159251
0.762038 0.934325
0.795180 0.454261
0.561234 0.207615
0.118007 0.767655
0.457255 0.725843
0.106726 0.439141
0.557388 0.855584
0.657593 0.218810
0.866431 0.393405
0.067439 0.784553
0.852423 0.625648
0.180491 0.030070
0.129778 0.315606
0.731535 0.772980
0.148569 0.795800
0.165345 0.717103
0.078557 0.393866
0.947356 0.316681
0.578165 0.190229
0.392261 0.998756
0.343688 0.908571
0.697666 0.029770
0.481277 0.676905
0.402483 0.154091
0.561168 0.949325
0.959295 0.989941
0.836014 0.654080
0.869173 0.863771
0.093040 0.437859
0.311971 0.379151
0.947907 0.254305
0.048492 0.831839
0.214740 0.535169
0.190738 0.327775
0.937657 0.847367
0.256984 0.377206
0.011637 0.221706
0.067072 0.705654
0.875934 0.277482
0.374769 0.835878
0.695748 0.694899
0.853362 0.294588
0.650968 0.298628
0.944677 0.780789
0.825018 0.736185
0.793673 0.405158
0.130612 0.159556
0.543991 0.823497
0.948397 0.460268
0.069500 0.522400
0.195857 0.298711
0.975715 0.165316
0.777350 0.341378
0.474103 0.100237
0.060182 0.861720
0.070872 0.882796
0.725566 0.353490
0.641060 0.771589
0.677081 0.485872
0.812129 0.075997
0.001755 0.096222
0.421675 0.235114
0.956301 0.371487
0.491320 0.267509
0.576280 0.520045
0.978869 0.660741
0.846242 0.087144
0.422876 0.041406
0.682629 0.061032
0.676503 0.307075
0.348294 0.726500
0.438931 0.587180
0.310336 0.915969
0.658420 0.176907
0.645104 0.035293
0.782607 0.001804
0.384515 0.672467
0.174381 0.583211
0.191036 0.383639
0.882180 0.001841
0.680203 0.282515
0.821409 0.294109
0.390100 0.951081
0.835255 0.890217
0.932589 0.129361
0.348286 0.713610
0.625149 0.833619
0.219386 0.028035
0.030791 0.284451
0.113194 0.071623
0.843501 0.066062
0.421958 0.863060
0.656410 0.962474
0.395760 0.411930
0.779265 0.902051
0.669312 0.171376
0.319782 0.271206
0.230797 0.702492
0.309470 0.973869
0.862436 0.619773
0.879447 0.307114
0.626196 0.633983
0.301197 0.582954
0.107676 0.798408
0.875137 0.647670
0.055069 0.938562
0.057961 0.249145
0.375118 0.413529
0.165184 0.941974
0.128043 0.755389
0.640155 0.306615
0.115719 0.955548
0.824148 0.152197
0.973842 0.723877
0.378042 0.898682
0.788761 0.908798
0.907523 0.612739
0.750338 0.580403
0.079331 0.634077
0.551481 0.772274
0.582510 0.761745
0.185260 0.535964
0.573696 0.604939
0.040792 0.270123
0.735075 0.917633
0.030598 0.824218
0.847394 0.469636
0.370319 0.075637
0.169957 0.671965
0.590129 0.667788
0.450260 0.791944
0.455798 0.894465
0.536072 0.866080
0.586233 0.881507
0.443176 0.093164
0.929496 0.418572
0.526703 0.690944
0.054657 0.340410
0.792789 0.006545
0.054202 0.274074
0.357479 0.781057
0.546175 0.912339
0.917629 0.618542
0.910472 0.893861
0.890265 0.363816
0.782897 0.328324
0.631737 0.599904
0.240562 0.282347
0.798737 0.586945
0.225205 0.505442
0.565037 0.068896
0.163903 0.510519
0.409146 0.693653
0.581805 0.974734
0.529638 0.288371
0.437663 0.566950
0.915583 0.316097
0.281023 0.618899
0.220445 0.172017
0.002416 0.556002
0.396909 0.772204
0.523322 0.392486
0.764310 0.568530
0.614463 0.588870
0.616629 0.239777
0.791084 0.705647
0.810787 0.564722
0.055682 0.323096
0.561004 0.459042
0.665068 0.434114
0.467067 0.010384
0.593550 0.301631
0.825934 0.915917
0.267353 0.296017
0.092474 0.725832
0.717460 0.620868
0.376115 0.630672
0.290904 0.057183
0.698901 0.638333
0.647709 0.882603
0.383201 0.693228
0.304173 0.649632
0.752664 0.199394
0.726212 0.175196
0.103216 0.817545
0.980096 0.751684
0.459201 0.045914
0.818052 0.223082
0.972098 0.411600
0.055631 0.094983
0.239078 0.782436
0.332523 0.271248
0.031974 0.869332
0.247647 0.985422
0.127586 0.532953
0.378597 0.783772
0.034828 0.904507
0.930741 0.589996
0.056448 0.882160
0.849516 0.568740
0.460586 0.067605
0.383213 0.740402
0.522328 0.496759
0.264059 0.141901
0.893866 0.163104
0.988979 0.131302
0.467300 0.370159
0.657562 0.873565
0.294876 0.272825
0.080891 0.186346
0.760009 0.909609
0.701595 0.045074
0.890251 0.672620
0.531819 0.624003
0.577672 0.937488
0.099398 0.608669
0.804352 0.032315
0.521933 0.297648
0.660648 0.597717
0.073545 0.988032
0.427906 0.758982
0.923166 0.872116
0.963365 0.296760
0.710039 0.901098
0.874201 0.828601
0.627933 0.572596
0.738187 0.508222
0.864827 0.140238
0.513367 0.244620
0.973506 0.916214
0.652010 0.110502
0.514626 0.481053
0.068172 0.388843
0.119977 0.411976
0.798067 0.252720
0.587479 0.036733
0.681630 0.826820
0.699911 0.351772
0.489147 0.284127
0.265971 0.764926
0.990675 0.769158
0.586098 0.790853
0.548925 0.076420
0.474317 0.849727
0.403079 0.236798
0.541489 0.368907
0.758522 0.769037
0.346308 0.967453
0.355807 0.193194
0.958344 0.638464
0.208140 0.333122
0.343016 0.894843
0.504160 0.562223
0.789345 0.350928
0.220180 0.822832
0.076042 0.082186
0.460044 0.674175
0.574062 0.842825
0.075822 0.259850
0.687559 0.432499
0.323726 0.046072
0.310353 0.426623
0.844717 0.882797
0.928256 0.562634
0.507220 0.612585
0.714108 0.298379
0.233191 0.317444
0.282018 0.250564
0.123545 0.668144
0.568767 0.051348
0.662305 0.625757
0.712341 0.275835
0.996085 0.300446
0.501265 0.132322
0.897560 0.237942
0.989006 0.212025
0.679961 0.130034
0.070238 0.045384
0.553928 0.890816
0.644040 0.407507
0.261375 0.609210
0.354083 0.649630
0.884364 0.895503
0.045145 0.796613
0.314831 0.235507
0.193852 0.833386
0.745104 0.743855
0.265942 0.113418
0.574108 0.200358
0.409374 0.284314
0.865908 0.416935
0.742514 0.069935
0.958454 0.687191
0.260030 0.735626
0.478618 0.871375
0.322553 0.561023
0.245850 0.134488
0.237612 0.363673
0.688089 0.039020
0.460499 0.152666
0.255789 0.391646
0.964607 0.519424
0.120884 0.914895
0.055907 0.213044
0.544557 0.753118
0.855831 0.683244
0.238428 0.013959
0.418244 0.210176
0.767455 0.242546
0.886141 0.297543
0.190678 0.724119
0.956810 0.901467
0.700584 0.813472
0.866425 0.888213
0.230451 0.626476
0.243942 0.442680
0.782786 0.715829
0.244633 0.737832
0.907812 0.842232
0.971466 0.142859
0.856912 0.762052
0.760262 0.459418
0.293592 0.380417
0.924546 0.193468
0.655051 0.394229
0.193486 0.031735
0.746942 0.590634
0.296429 0.815503
0.892513 0.589583
0.815188 0.555128
0.201974 0.738008
0.728760 0.613300
0.512972 0.959335
0.374368 0.976080
0.035211 0.328246
0.135622 0.238739
0.859359 0.914478
0.007608 0.246182
0.609730 0.984514
0.979311 0.619195
0.227565 0.568183
0.560081 0.281103
0.872199 0.845637
0.647979 0.723669
0.150853 0.667906
0.336551 0.617685
0.775326 0.732936
0.736284 0.059901
0.227051 0.466279
0.057137 0.794493
0.774849 0.509021
0.025752 0.975528
0.448384 0.062794
0.513531 0.380071
0.169335 0.621151
0.424611 0.677083
0.178810 0.887456
0.159935 0.097846
0.761439 0.894076
0.247727 0.597233
0.487419 0.356783
0.213335 0.228838
0.764782 0.396144
0.822659 0.525028
0.102739 0.048383
0.938881 0.614735
0.232497 0.117017
0.130376 0.741824
0.138313 0.187152
0.396476 0.335996
0.458718 0.102915
0.170468 0.641399
0.787682 0.372360
0.306597 0.897638
0.186363 0.051584
0.943964 0.420620
0.596144 0.513544
0.536371 1.001830
0.782607 1.001804
0.882180 1.001841
0.792789 1.006545
1.000133 0.317961
1.009024 0.169077
1.000905 0.878455
1.009450 0.292950
1.003273 0.044860
1.001755 0.096222
1.002416 0.556002
1.007608 0.246182
