-0.009471 0.084449
0.494038 0.780877
0.274654 0.967380
0.990529 0.084449
0.329793 0.268299
0.215923 0.767022
0.365054 0.154017
0.165022 0.893364
0.945790 0.517467
0.018373 0.419306
0.122085 0.951848
0.270180 0.893653
0.895192 0.775532
0.908821 0.016680
0.959289 0.075253
0.285133 0.488117
0.970572 0.568113
0.273970 0.129083
0.155192 0.268812
0.433889 0.395903
0.425246 0.614389
0.446805 0.012023
0.034271 0.398770
0.979450 0.542769
0.912387 0.324159
0.290517 0.878974
0.779144 0.394412
0.882326 0.425668
0.466378 0.424931
0.455210 0.695425
0.095578 0.733460
0.130018 0.496529
0.259658 0.591667
0.227618 0.955118
0.063010 0.183247
0.624242 0.291406
0.137187 0.188933
0.956617 0.296613
0.237203 0.660158
0.309584 0.223971
0.695289 0.700232
0.851815 0.559060
0.570332 0.530920
0.858886 0.446346
0.383381 0.595359
0.305040 0.101108
0.371939 0.222155
0.643227 0.776656
0.279075 0.478048
0.314742 0.827170
0.743161 0.144311
0.068265 0.532137
0.743955 0.835734
0.720663 0.887623
0.162853 0.201240
0.881962 0.461959
0.187050 0.724882
0.883553 0.798011
0.842972 0.538046
0.209589 0.530445
0.843302 0.215340
0.716726 0.862668
0.471264 0.460504
0.942528 0.628343
0.806387 0.401540
